20
0.00000000000000000000 -10.00000000000000000000 10.50047617967871005362 1.57121226808906433448 1.58031984838850947384 1
0.17452406437283513041 -9.99847695156391225169 10.50047617967871005362 1.57872609772122718397 1.58783367802067232333 1
10.00000000000000000000 0.00000000000000000000 10.20784012413987618118 -3.14141496743227177646 -3.10239705166273926906 1
9.99847695156391225169 0.17452406437283513041 10.20784012413987618118 3.11985034418268147860 -3.12431704722737224600 1
0.00000000000000000000 10.00000000000000000000 10.50047617967871005362 -1.57038038550072900357 -1.56127280520128386421 1
-0.17452406437283513041 9.99847695156391225169 10.50047617967871005362 -1.56286655586856615407 -1.55375897556912101471 1
-10.00000000000000000000 0.00000000000000000000 10.20784012413987618118 0.00017768615752183852 0.03919560192705471430 1
-9.99847695156391225169 -0.17452406437283513041 10.20784012413987618118 -0.02174230940711141882 0.01727560636242149450 1
0.09300380694072572785 0.40168431870628484859 0.10000000000000000555 1.34327095618797587306 1.58824961931483987776 1
0.00000000000000000000 0.00000000000000000000 0.51231056256176610297 1.34327095618797587306 1.32581766366803255330 0
0.10000000000000000555 0.40000000000000002220 0.10000000000000000555 0.00000000000000000000 1.32581766366803255330 1
-0.10696573209055253162 0.39819383741882818928 0.10000000000000000555 1.83322828244170410450 -3.12413936106985001828 1
0.00000000000000000000 0.00000000000000000000 0.51231056256176610297 1.83322828244170410450 1.81577498992176078474 0
-0.10000000000000000555 0.40000000000000002220 0.10000000000000000555 1.57079632679489655800 1.81577498992176078474 1
-0.09300380694072572785 -0.40168431870628484859 0.10000000000000000555 -1.79832169740181768702 -1.55334303427495346028 1
0.00000000000000000000 0.00000000000000000000 0.51231056256176610297 -1.79832169740181790907 -1.81577498992176100678 0
-0.10000000000000000555 -0.40000000000000002220 0.10000000000000000555 3.14159265358979311600 -1.81577498992176100678 1
0.10696573209055253162 -0.39819383741882818928 0.10000000000000000555 -1.30836437114808923354 0.01745329251994329547 1
0.00000000000000000000 0.00000000000000000000 0.51231056256176610297 -1.30836437114808923354 -1.32581766366803255330 0
0.10000000000000000555 -0.40000000000000002220 0.10000000000000000555 -1.57079632679489678004 -1.32581766366803255330 1
