38
0.117967 -0.213222 0.154402
0.187511 -0.100713 0.141106
0.233595 -0.001129 0.132439
0.007308 -0.218551 0.140028
0.279290 0.093296 0.112170
-0.184441 0.161398 0.108725
0.322650 0.154565 0.097797
-0.142670 0.084702 0.097101
0.399372 0.234807 0.088070
-0.096891 0.002144 0.084933
-0.059478 -0.072869 0.079640
-0.235273 0.214616 0.076880
0.417454 0.282848 0.067658
-0.136554 -0.232796 0.060548
-0.267285 0.265516 0.058073
0.250901 -0.300172 0.049007
-0.357170 -0.202895 0.048052
-0.392714 -0.199827 0.047805
-0.192675 -0.225284 0.047499
0.382336 -0.330469 0.047058
-0.307935 -0.209063 0.045508
-0.257558 -0.215974 0.043492
0.309854 -0.313936 0.039356
0.410826 0.359604 0.019485
-0.432908 -0.218842 0.024768
0.422227 -0.292815 0.018122
-0.341920 0.320668 0.016574
-0.464169 -0.226508 0.014228
-0.261997 0.318374 0.015318
0.466052 0.317186 0.022935
0.420211 -0.348082 0.014673
-0.365187 0.346132 0.010629
-0.351878 0.331592 0.014103
0.435979 -0.282897 0.011971
0.402875 -0.377360 0.012631
-0.322173 0.301047 0.022
0.411959 0.380269 0.01
-0.482761 -0.230016 0.009