22
-0.293627 0.300287 0.200130
-0.268936 0.330165 0.196724
0.317828 0.124547 0.179910
-0.241597 -0.215827 0.173318
-0.215689 -0.255120 0.151133
0.250571 0.036520 0.148632
-0.265128 -0.264526 0.135491
-0.165412 -0.089921 0.116583
-0.390332 0.217574 0.098441
-0.157359 -0.297065 0.097285
0.253582 0.250913 0.084225
0.226145 -0.110600 0.072568
-0.208142 0.098505 0.044897
-0.190698 0.033314 0.042803
-0.028981 -0.025848 0.036920
0.256142 -0.223603 0.034912
0.078008 0.024082 0.030976
-0.004087 -0.012466 0.030134
0.039555 0.009565 0.025385
0.300714 0.183502 0.151008
0.236703 -0.177175 0.049608
0.277178 -0.259275 0.019141
