58
0.000097 0.219368 0.095448
0.001297 0.035619 0.092187
0.000717 0.129656 0.089793
-0.005530 0.436546 0.065419
-0.082823 0.251525 0.051566
0.094563 0.260382 0.049580
0.052835 -0.053834 0.042204
-0.047272 -0.059987 0.041583
0.059815 -0.114059 0.037732
-0.050159 -0.115374 0.038663
-0.050456 -0.179434 0.036174
0.064790 -0.169192 0.035948
-0.001447 0.382861 0.033401
-0.127419 0.225543 0.032517
0.068372 -0.222455 0.032784
-0.050282 -0.214842 0.033401
0.115990 -0.459485 0.030631
-0.096760 -0.464401 0.029928
0.070267 -0.275277 0.029152
-0.050933 -0.264076 0.028813
0.139249 0.219764 0.028916
-0.142304 0.202397 0.029744
-0.160189 0.163432 0.028795
-0.175335 0.127515 0.028196
0.092779 -0.427210 0.026432
0.153458 0.193779 0.026367
0.193700 0.108687 0.026206
0.215796 0.061578 0.025921
0.000944 0.321663 0.025740
0.247953 -0.060624 0.025492
-0.205585 0.062954 0.025449
0.177798 0.142256 0.025315
-0.053109 -0.304687 0.025270
-0.257432 -0.063244 0.024875
-0.078026 -0.426029 0.024865
0.072373 -0.335843 0.024857
0.000210 0.347324 0.023467
-0.218970 0.038622 0.023098
-0.056782 -0.339749 0.022976
0.227758 0.033075 0.022907
-0.269900 -0.095201 0.019885
0.261536 -0.090269 0.019790
-0.250193 -0.025872 0.019783
0.245488 -0.026716 0.019488
0.240821 -0.005405 0.019214
-0.273792 -0.116940 0.018328
0.268070 -0.110250 0.016819
-0.278370 -0.127704 0.012141
0.221475 -0.080385 0.007437
-0.234826 -0.086428 0.007080
-0.243945 -0.009386 0.019442
0.081839 -0.402022 0.023255
0.071075 -0.302816 0.027226
-0.186416 0.102212 0.027520
-0.0665 -0.392604 0.0218067
-0.0608054 -0.365108 0.0220845
0.0755963 -0.367748 0.0211097
-0.233 0.0144116 0.0195