32
-0.002962 -0.237218 0.242642
-0.001304 -0.007815 0.180118
-0.007937 0.148101 0.158381
0.224501 0.258565 0.129712
-0.241831 0.222203 0.125011
0.174421 -0.355024 0.119644
-0.207406 0.287964 0.107441
0.292061 0.101093 0.098211
0.119191 0.239241 0.094356
-0.235314 -0.386313 0.086584
0.009306 0.435853 0.086183
-0.304985 0.068757 0.085974
0.333937 -0.012340 0.077815
0.368709 -0.090816 0.063008
-0.327635 0.016599 0.075556
-0.375704 -0.080472 0.057827
-0.407228 -0.139978 0.047017
0.276692 -0.413110 0.042632
0.424279 -0.207005 0.038360
0.385776 -0.127351 0.055802
-0.296809 -0.418338 0.039593
0.007521 0.319591 0.023599
-0.421185 -0.165739 0.042111
0.008765 0.355423 0.036277
-0.479565 -0.270227 0.016323
0.466218 -0.289474 0.008164
-0.490898 -0.289548 0.005842
0.440509 -0.239587 0.029660
0.460835 -0.279369 0.014871
-0.109501 -0.309970 0.169788
-0.448953 -0.216 0.031
-0.470886 -0.254384 0.021
