26
-0.036660 0.239257 0.258221
-0.077465 0.135966 0.231457
0.216262 0.225094 0.153570
0.025261 -0.284562 0.136348
-0.045281 -0.057294 0.120735
-0.019570 -0.142570 0.112672
0.264962 0.313576 0.095150
0.241056 0.043884 0.075464
-0.214883 0.347165 0.072478
-0.108316 -0.370232 0.081075
0.158054 -0.347103 0.064388
-0.210233 -0.422241 0.062766
0.222545 -0.035492 0.060557
-0.264204 -0.447282 0.051272
-0.180721 0.428579 0.047470
0.241493 -0.091784 0.045619
-0.254395 -0.016508 0.038355
-0.311620 0.144981 0.037199
-0.319521 -0.464781 0.032944
0.219009 -0.385849 0.023873
-0.287815 0.046598 0.021842
-0.340798 0.138333 0.020839
0.298814 -0.103654 0.018169
-0.358993 -0.471784 0.015
0.320381 -0.0916629 0.0109
0.332133 -0.080558 0.00691413