20
0.00000000000000000000 -100.00000000000000000000 100.50019900477809642325 1.57083976123384227996 1.57278637391908326926 1
1.74524064372835119308 -99.98476951563912962229 100.50019900477809642325 1.58625957219065316650 1.58820618487589149126 1
100.00000000000000000000 0.00000000000000000000 100.20124749722431545251 -3.14157512626143198275 -3.13660267504675882577 1
99.98476951563912962229 1.74524064372835119308 100.20124749722431545251 -3.12912933961288519669 -3.12415688839821426015 1
0.00000000000000000000 100.00000000000000000000 100.50019900477809642325 -1.57075289235595083603 -1.56880627967070984674 1
-1.74524064372835119308 99.98476951563912962229 100.50019900477809642325 -1.55533308139913994950 -1.55338646871390162474 1
-100.00000000000000000000 0.00000000000000000000 100.20124749722431545251 0.00001752732836173202 0.00498997854303527381 1
-99.98476951563912962229 -1.74524064372835119308 100.20124749722431545251 0.01246331397690801819 0.01743576519157894605 1
0.19124333581263650017 0.50341432886565229410 0.00000000010000000000 1.20774324220247497585 1.58824961931483987776 1
0.00000000000000000000 0.00000000000000000000 0.53851648081345049324 1.20774324220247497585 1.19028994968253165609 0
0.20000000000000001110 0.50000000000000000000 0.00000000010000000000 0.00000000000000000000 1.19028994968253165609 1
-0.20869574224992001876 0.49643336629073891997 0.00000000010000000000 1.96875599642720477966 -3.12413936106985001828 1
0.00000000000000000000 0.00000000000000000000 0.53851648081345049324 1.96875599642720477966 1.95130270390726145990 0
-0.20000000000000001110 0.50000000000000000000 0.00000000010000000000 1.57079632679489655800 1.95130270390726145990 1
-0.19124333581263650017 -0.50341432886565229410 0.00000000010000000000 -1.93384941138731836219 -1.55334303427495346028 1
0.00000000000000000000 0.00000000000000000000 0.53851648081345049324 -1.93384941138731858423 -1.95130270390726168195 0
-0.20000000000000001110 -0.50000000000000000000 0.00000000010000000000 3.14159265358979311600 -1.95130270390726168195 1
0.20869574224992001876 -0.49643336629073891997 0.00000000010000000000 -1.17283665716258833633 0.01745329251994329547 1
0.00000000000000000000 0.00000000000000000000 0.53851648081345049324 -1.17283665716258833633 -1.19028994968253165609 0
0.20000000000000001110 -0.50000000000000000000 0.00000000010000000000 -1.57079632679489655800 -1.19028994968253165609 1
