53
0.015756 -0.255112 0.084523
-0.197433 0.251954 0.068789
0.038353 -0.190097 0.073531
-0.239819 0.065203 0.066389
0.042727 0.168597 0.065733
0.237192 -0.003185 0.064085
-0.127950 0.247001 0.062592
0.050973 -0.104736 0.060930
0.008630 0.179398 0.060160
-0.327251 0.041591 0.060149
-0.173622 0.087003 0.059724
-0.280135 0.252600 0.057273
0.321646 0.129474 0.052805
0.370787 0.096989 0.051083
0.198530 0.288782 0.050470
0.146150 0.276387 0.050361
0.255662 0.294246 0.049112
0.270671 0.151132 0.047980
-0.094941 0.118000 0.044411
0.101138 0.253402 0.044092
0.101695 0.158432 0.042893
0.167544 0.065916 0.042520
0.371224 0.281979 0.042499
0.408620 0.061243 0.042196
-0.085621 -0.300292 0.042056
0.045635 0.001400 0.041347
-0.413093 0.003678 0.039528
0.211521 0.164974 0.039343
-0.356765 0.246206 0.039062
0.261130 -0.084094 0.035674
0.420416 0.267950 0.035652
-0.049490 0.139319 0.035490
0.140561 0.087533 0.035460
0.148117 0.169346 0.031855
0.037512 0.060336 0.029380
-0.449185 -0.026779 0.027854
-0.418597 0.225735 0.026395
0.446979 0.017251 0.026355
0.033171 0.094660 0.025396
-0.142033 -0.318846 0.023836
0.485870 0.241979 0.017548
-0.474792 -0.059966 0.016430
-0.449007 0.209581 0.014846
0.469808 -0.010964 0.010967
0.271634 -0.123878 0.016193
-0.024383 0.215878 0.044509
0.292146 0.293778 0.047819
0.111848 0.111848 0.032
0.458641 0.254645 0.026
-0.0649493 0.234245 0.049
-0.484253 -0.0781644 0.0074
-0.173376 -0.327821 0.0134994
-0.187169 -0.331796 0.0076