66
-0.031334 0.061730 0.142602
0.097138 0.078141 0.127835
0.318621 0.064187 0.111952
0.214945 0.097058 0.104727
-0.153543 0.161833 0.084121
-0.238257 0.263953 0.078610
0.373402 -0.039161 0.066834
-0.297743 0.279746 0.058159
0.298149 -0.027303 0.052229
-0.054216 -0.070378 0.050892
-0.354315 0.284718 0.045483
0.391519 -0.109881 0.047567
0.461122 -0.239522 0.039648
-0.060461 -0.137484 0.039446
0.414578 -0.173970 0.038575
-0.393315 0.292338 0.038480
-0.058667 -0.182492 0.036975
-0.054960 -0.222515 0.035342
-0.061563 -0.339974 0.035314
-0.145092 -0.051847 0.034087
-0.050412 -0.280755 0.033817
0.279880 -0.074420 0.031374
0.479255 -0.362100 0.030499
-0.152904 -0.095367 0.030273
0.277852 -0.120630 0.029314
-0.429690 0.304978 0.029092
-0.159032 -0.137539 0.028034
0.278567 -0.141740 0.028935
-0.084643 -0.362005 0.027644
0.282473 -0.178781 0.026788
-0.163147 -0.171129 0.026602
-0.167137 -0.207425 0.025603
-0.176015 -0.262407 0.025847
-0.192561 -0.299451 0.025039
0.228531 -0.348456 0.024736
0.288271 -0.272444 0.024386
0.482663 -0.325612 0.024322
0.288312 -0.219023 0.024177
0.290491 -0.245661 0.024108
0.393731 0.137955 0.023750
0.255144 -0.326518 0.020712
0.443651 -0.381370 0.018349
-0.222605 -0.321351 0.015705
0.413208 0.318799 0.014220
0.431638 0.265819 0.014060
0.432576 0.247876 0.013955
0.401421 0.333171 0.013814
0.424312 0.295147 0.013613
0.429387 0.217379 0.013495
0.415044 0.172010 0.013422
0.425644 0.200885 0.013363
0.312886 0.368955 0.013120
0.369777 0.355362 0.012588
0.282448 0.364431 0.012401
0.255129 0.354073 0.009869
-0.241840 -0.329641 0.008855
-0.469578 0.322972 0.014425
-0.447573 0.312615 0.023313
0.473170 -0.276622 0.029153
0.448749 -0.223672 0.039117
0.341753 0.365574 0.0125
0.239769 0.346258 0.00744
0.383978 0.346258 0.0121
0.419348 -0.384086 0.00641848
0.272411 -0.305785 0.0205
-0.113388 -0.372992 0.00997