36
0.145368 -0.144573 0.231187
-0.045936 0.347609 0.109167
-0.032149 -0.071518 0.152831
0.296542 -0.355701 0.104452
0.011400 0.398747 0.088591
0.197350 -0.358715 0.071526
-0.069936 0.240570 0.068643
-0.112895 0.052377 0.065773
-0.149313 0.256572 0.062807
-0.202388 0.204854 0.049079
0.383620 -0.451172 0.044386
-0.102799 0.122200 0.041877
-0.083381 0.168534 0.041706
-0.255771 0.155127 0.037999
0.091622 0.425950 0.037905
0.058210 -0.468330 0.032985
-0.296741 0.117866 0.030407
0.157557 -0.478438 0.027983
0.096211 -0.474273 0.027927
-0.331098 0.086645 0.024586
0.429052 -0.479573 0.020460
0.140290 0.449388 0.018438
-0.388498 0.034780 0.014230
0.168315 0.470340 0.013631
0.170866 -0.431709 0.019772
-0.015484 -0.489561 0.009116
0.176069 -0.497873 0.008291
0.190113 0.491876 0.004721
0.443712 -0.486078 0.013246
0.047588 -0.114789 0.203743
-0.355233 0.0647666 0.02
-0.377247 0.0457003 0.015
-0.405191 0.0196958 0.0103455
0.0118051 -0.47925 0.022
0.157353 0.461863 0.015
0.181291 0.482744 0.0094
