20
0.00000000000000000000 -100.00000000000000000000 100.50004975123147232807 1.57083974833800055215 1.57179135134213576741 1
1.74524064372835119308 -99.98476951563912962229 100.50004975123147232807 1.58725459476760066835 1.58820619777173321907 1
100.00000000000000000000 0.00000000000000000000 100.20079840001277204919 -3.14157516529644942338 -3.13760065882737126941 1
99.98476951563912962229 1.74524064372835119308 100.20079840001277204919 -3.12813135583227275305 -3.12415684936319681952 1
0.00000000000000000000 100.00000000000000000000 100.50004975123147232807 -1.57075290525179256385 -1.56980130224765734859 1
-1.74524064372835119308 99.98476951563912962229 100.50004975123147232807 -1.55433805882219244765 -1.55338645581805989693 1
-100.00000000000000000000 0.00000000000000000000 100.20079840001277204919 0.00001748829334423863 0.00399199476242300105 1
-99.98476951563912962229 -1.74524064372835119308 100.20079840001277204919 0.01346129775752029009 0.01743580422659644219 1
0.09300380694072572785 0.40168431870628484859 0.10000000000000000555 1.34327095618797587306 1.58824961931483987776 1
0.00000000000000000000 0.00000000000000000000 0.51231056256176610297 1.34327095618797587306 1.32581766366803255330 0
0.10000000000000000555 0.40000000000000002220 0.10000000000000000555 0.00000000000000000000 1.32581766366803255330 1
-0.10696573209055253162 0.39819383741882818928 0.10000000000000000555 1.83322828244170410450 -3.12413936106985001828 1
0.00000000000000000000 0.00000000000000000000 0.51231056256176610297 1.83322828244170410450 1.81577498992176078474 0
-0.10000000000000000555 0.40000000000000002220 0.10000000000000000555 1.57079632679489655800 1.81577498992176078474 1
-0.09300380694072572785 -0.40168431870628484859 0.10000000000000000555 -1.79832169740181768702 -1.55334303427495346028 1
0.00000000000000000000 0.00000000000000000000 0.51231056256176610297 -1.79832169740181790907 -1.81577498992176100678 0
-0.10000000000000000555 -0.40000000000000002220 0.10000000000000000555 3.14159265358979311600 -1.81577498992176100678 1
0.10696573209055253162 -0.39819383741882818928 0.10000000000000000555 -1.30836437114808923354 0.01745329251994329547 1
0.00000000000000000000 0.00000000000000000000 0.51231056256176610297 -1.30836437114808923354 -1.32581766366803255330 0
0.10000000000000000555 -0.40000000000000002220 0.10000000000000000555 -1.57079632679489678004 -1.32581766366803255330 1
