code used

if (Model_Result.size() > 1)
			{
				for (size_t i = 0; i < Model_Result.size(); i++)
				{
					for (size_t j = 0; j < Model_Result[i].size(); j++)
					{
						/*for (size_t k = 0; k <  Model_Result[i][j].Arcs.size(); k++)
						{
							cout << i << ", " << j << ", " << k << " : " << Model_Result[i][j].Arcs[k].x[0].P[0] << ", " << Model_Result[i][j].Arcs[k].x[1].P[0] << endl;

						}*/
						cout << i << ", " << j << " : " << Model_Result[i][j].Arcs[0].x[0].P[0] << ", " << Model_Result[i][j].Arcs[Model_Result[i][j].Arcs.size()-1].x[1].P[0] << endl;
					}
				}
			}

fake func
minkowski_id
0, 0, 0 : 0.181426, 0.181294
0, 0, 1 : 0.181294, 0.18089
0, 0, 2 : 0.18089, 0.180236
0, 0, 3 : 0.180236, 0.1799
0, 0, 4 : 0.1799, 0.179318
0, 0, 5 : 0.179318, 0.178172
0, 0, 6 : 0.178172, 0.176763
0, 0, 7 : 0.176763, 0.17513
0, 0, 8 : 0.17513, 0.173243
0, 0, 9 : 0.173243, 0.172839
0, 0, 10 : 0.172839, 0.168819
0, 0, 11 : 0.168819, 0.163464
0, 0, 12 : 0.163464, 0.157214
0, 0, 13 : 0.157214, 0.15488
0, 0, 14 : 0.15488, 0.15021
0, 0, 15 : 0.15021, 0.142261
0, 0, 16 : 0.142261, 0.133735
0, 0, 17 : 0.133735, 0.12909
0, 0, 18 : 0.12909, 0.125163
0, 0, 19 : 0.125163, 0.124342
0, 0, 20 : 0.124342, 0.119323
0, 0, 21 : 0.119323, 0.114224
0, 0, 22 : 0.114224, 0.108839
0, 0, 23 : 0.108839, 0.103398
0, 0, 24 : 0.103398, 0.0976624
0, 0, 25 : 0.0976624, 0.0918897
0, 0, 26 : 0.0918897, 0.0900061
0, 0, 27 : 0.0900061, 0.0858133
0, 0, 28 : 0.0858133, 0.0797119
0, 0, 29 : 0.0797119, 0.073313
0, 0, 30 : 0.073313, 0.0669007
0, 1, 0 : 0.178981, 0.179215
0, 1, 1 : 0.179215, 0.180062
0, 1, 2 : 0.180062, 0.18026
0, 1, 3 : 0.18026, 0.180835
0, 1, 4 : 0.180835, 0.181083
0, 1, 5 : 0.181083, 0.181277
0, 1, 6 : 0.181277, 0.181426
0, 2, 0 : 0.118354, 0.118945
0, 2, 1 : 0.118945, 0.125777
0, 2, 2 : 0.125777, 0.131752
0, 2, 3 : 0.131752, 0.133428
0, 2, 4 : 0.133428, 0.140484
0, 2, 5 : 0.140484, 0.14228
0, 2, 6 : 0.14228, 0.14691
0, 2, 7 : 0.14691, 0.147897
0, 2, 8 : 0.147897, 0.151089
0, 2, 9 : 0.151089, 0.154439
0, 2, 10 : 0.154439, 0.155079
0, 2, 11 : 0.155079, 0.158829
0, 2, 12 : 0.158829, 0.160672
0, 2, 13 : 0.160672, 0.162447
0, 2, 14 : 0.162447, 0.165837
0, 2, 15 : 0.165837, 0.165845
0, 2, 16 : 0.165845, 0.169165
0, 2, 17 : 0.169165, 0.17039
0, 2, 18 : 0.17039, 0.172281
0, 2, 19 : 0.172281, 0.173953
0, 2, 20 : 0.173953, 0.175305
0, 2, 21 : 0.175305, 0.176864
0, 2, 22 : 0.176864, 0.178004
0, 2, 23 : 0.178004, 0.178981
0, 3, 0 : 0.11653, 0.118354
0, 4, 0 : 0.174504, 0.1704
0, 4, 1 : 0.1704, 0.159205
0, 4, 2 : 0.159205, 0.156986
0, 4, 3 : 0.156986, 0.144445
0, 4, 4 : 0.144445, 0.144307
0, 4, 5 : 0.144307, 0.132751
0, 4, 6 : 0.132751, 0.130379
0, 4, 7 : 0.130379, 0.121596
0, 4, 8 : 0.121596, 0.116679
0, 4, 9 : 0.116679, 0.11653
0, 5, 0 : 0.202698, 0.197566
0, 5, 1 : 0.197566, 0.185735
0, 5, 2 : 0.185735, 0.185245
0, 5, 3 : 0.185245, 0.174504
0, 6, 0 : 0.264404, 0.253776
0, 6, 1 : 0.253776, 0.253351
0, 6, 2 : 0.253351, 0.242689
0, 6, 3 : 0.242689, 0.236026
0, 6, 4 : 0.236026, 0.23127
0, 6, 5 : 0.23127, 0.220243
0, 6, 6 : 0.220243, 0.218697
0, 6, 7 : 0.218697, 0.208628
0, 6, 8 : 0.208628, 0.202698
0, 7, 0 : 0.292769, 0.287931
0, 7, 1 : 0.287931, 0.278589
0, 7, 2 : 0.278589, 0.271624
0, 7, 3 : 0.271624, 0.264404
0, 8, 0 : 0.325554, 0.317043
0, 8, 1 : 0.317043, 0.314624
0, 8, 2 : 0.314624, 0.308771
0, 8, 3 : 0.308771, 0.302525
0, 8, 4 : 0.302525, 0.300789
0, 8, 5 : 0.300789, 0.292769
0, 9, 0 : 0.402429, 0.397744
0, 9, 1 : 0.397744, 0.388144
0, 9, 2 : 0.388144, 0.381439
0, 9, 3 : 0.381439, 0.378349
0, 9, 4 : 0.378349, 0.368497
0, 9, 5 : 0.368497, 0.361752
0, 9, 6 : 0.361752, 0.358391
0, 9, 7 : 0.358391, 0.352125
0, 9, 8 : 0.352125, 0.348071
0, 9, 9 : 0.348071, 0.342923
0, 9, 10 : 0.342923, 0.337102
0, 9, 11 : 0.337102, 0.334046
0, 9, 12 : 0.334046, 0.325554
0, 10, 0 : 0.407401, 0.402429
0, 11, 0 : 0.415513, 0.412974
0, 11, 1 : 0.412974, 0.407401
0, 12, 0 : 0.445437, 0.444711
0, 12, 1 : 0.444711, 0.440215
0, 12, 2 : 0.440215, 0.437216
0, 12, 3 : 0.437216, 0.436014
0, 12, 4 : 0.436014, 0.432529
0, 12, 5 : 0.432529, 0.429047
0, 12, 6 : 0.429047, 0.426168
0, 12, 7 : 0.426168, 0.426093
0, 12, 8 : 0.426093, 0.422978
0, 12, 9 : 0.422978, 0.420349
0, 12, 10 : 0.420349, 0.417441
0, 12, 11 : 0.417441, 0.415513
0, 13, 0 : 0.485001, 0.479594
0, 13, 1 : 0.479594, 0.475692
0, 13, 2 : 0.475692, 0.473913
0, 13, 3 : 0.473913, 0.468403
0, 13, 4 : 0.468403, 0.468329
0, 13, 5 : 0.468329, 0.46278
0, 13, 6 : 0.46278, 0.462506
0, 13, 7 : 0.462506, 0.45775
0, 13, 8 : 0.45775, 0.457226
0, 13, 9 : 0.457226, 0.451471
0, 13, 10 : 0.451471, 0.45048
0, 13, 11 : 0.45048, 0.445437
0, 14, 0 : 0.490996, 0.487944
0, 14, 1 : 0.487944, 0.485196
0, 14, 2 : 0.485196, 0.485001
0, 15, 0 : 0.54718, 0.543022
0, 15, 1 : 0.543022, 0.539973
0, 15, 2 : 0.539973, 0.532851
0, 15, 3 : 0.532851, 0.525674
0, 15, 4 : 0.525674, 0.521865
0, 15, 5 : 0.521865, 0.518652
0, 15, 6 : 0.518652, 0.511558
0, 15, 7 : 0.511558, 0.504688
0, 15, 8 : 0.504688, 0.504593
0, 15, 9 : 0.504593, 0.497704
0, 15, 10 : 0.497704, 0.490996
0, 16, 0 : 0.664726, 0.659473
0, 16, 1 : 0.659473, 0.659082
0, 16, 2 : 0.659082, 0.652985
0, 16, 3 : 0.652985, 0.646725
0, 16, 4 : 0.646725, 0.640047
0, 16, 5 : 0.640047, 0.63325
0, 16, 6 : 0.63325, 0.626087
0, 16, 7 : 0.626087, 0.619555
0, 16, 8 : 0.619555, 0.618838
0, 16, 9 : 0.618838, 0.61128
0, 16, 10 : 0.61128, 0.595945
0, 16, 11 : 0.595945, 0.579852
0, 16, 12 : 0.579852, 0.571752
0, 16, 13 : 0.571752, 0.567903
0, 16, 14 : 0.567903, 0.563589
0, 16, 15 : 0.563589, 0.555365
0, 16, 16 : 0.555365, 0.54718
0, 17, 0 : 0.708194, 0.7075
0, 17, 1 : 0.7075, 0.70646
0, 17, 2 : 0.70646, 0.705423
0, 17, 3 : 0.705423, 0.701974
0, 17, 4 : 0.701974, 0.699513
0, 17, 5 : 0.699513, 0.697214
0, 17, 6 : 0.697214, 0.694306
0, 17, 7 : 0.694306, 0.69109
0, 17, 8 : 0.69109, 0.687497
0, 17, 9 : 0.687497, 0.684157
0, 17, 10 : 0.684157, 0.683616
0, 17, 11 : 0.683616, 0.679364
0, 17, 12 : 0.679364, 0.67484
0, 17, 13 : 0.67484, 0.66991
0, 17, 14 : 0.66991, 0.664726
0, 18, 0 : 0.66376, 0.667812
0, 18, 1 : 0.667812, 0.670647
0, 18, 2 : 0.670647, 0.671421
0, 18, 3 : 0.671421, 0.674978
0, 18, 4 : 0.674978, 0.676803
0, 18, 5 : 0.676803, 0.678487
0, 18, 6 : 0.678487, 0.68191
0, 18, 7 : 0.68191, 0.682083
0, 18, 8 : 0.682083, 0.685429
0, 18, 9 : 0.685429, 0.686683
0, 18, 10 : 0.686683, 0.688894
0, 18, 11 : 0.688894, 0.690572
0, 18, 12 : 0.690572, 0.692495
0, 18, 13 : 0.692495, 0.693977
0, 18, 14 : 0.693977, 0.696095
0, 18, 15 : 0.696095, 0.696863
0, 18, 16 : 0.696863, 0.699409
0, 18, 17 : 0.699409, 0.69985
0, 18, 18 : 0.69985, 0.701524
0, 18, 19 : 0.701524, 0.703354
0, 18, 20 : 0.703354, 0.703459
0, 18, 21 : 0.703459, 0.704856
0, 18, 22 : 0.704856, 0.705161
0, 18, 23 : 0.705161, 0.706076
0, 18, 24 : 0.706076, 0.706645
0, 18, 25 : 0.706645, 0.707664
0, 18, 26 : 0.707664, 0.707743
0, 18, 27 : 0.707743, 0.708194
0, 19, 0 : 0.651765, 0.65398
0, 19, 1 : 0.65398, 0.660122
0, 19, 2 : 0.660122, 0.66376
0, 20, 0 : 0.617939, 0.621896
0, 20, 1 : 0.621896, 0.624306
0, 20, 2 : 0.624306, 0.62852
0, 20, 3 : 0.62852, 0.629808
0, 20, 4 : 0.629808, 0.632297
0, 20, 5 : 0.632297, 0.636984
0, 20, 6 : 0.636984, 0.641555
0, 20, 7 : 0.641555, 0.643034
0, 20, 8 : 0.643034, 0.646729
0, 20, 9 : 0.646729, 0.651765
0, 21, 0 : 0.617939, 0.61539
0, 21, 1 : 0.61539, 0.614314
0, 21, 2 : 0.614314, 0.612605
0, 21, 3 : 0.612605, 0.611431
0, 21, 4 : 0.611431, 0.610261
0, 21, 5 : 0.610261, 0.608736
0, 21, 6 : 0.608736, 0.606916
0, 21, 7 : 0.606916, 0.604962
0, 21, 8 : 0.604962, 0.604915
0, 21, 9 : 0.604915, 0.603248
0, 21, 10 : 0.603248, 0.601407
0, 21, 11 : 0.601407, 0.601133
0, 21, 12 : 0.601133, 0.599388
0, 22, 0 : 0.599388, 0.598247
0, 22, 1 : 0.598247, 0.596776
0, 22, 2 : 0.596776, 0.595742
0, 23, 0 : 0.595742, 0.595284
0, 23, 1 : 0.595284, 0.593465
0, 23, 2 : 0.593465, 0.591677
0, 23, 3 : 0.591677, 0.590713
0, 24, 0 : 0.733101, 0.721048
0, 24, 1 : 0.721048, 0.71542
0, 24, 2 : 0.71542, 0.70772
0, 24, 3 : 0.70772, 0.696945
0, 24, 4 : 0.696945, 0.67966
0, 24, 5 : 0.67966, 0.679072
0, 24, 6 : 0.679072, 0.660661
0, 24, 7 : 0.660661, 0.647823
0, 24, 8 : 0.647823, 0.643002
0, 24, 9 : 0.643002, 0.6307
0, 24, 10 : 0.6307, 0.625062
0, 24, 11 : 0.625062, 0.612623
0, 24, 12 : 0.612623, 0.607954
0, 24, 13 : 0.607954, 0.59331
0, 24, 14 : 0.59331, 0.590713
0, 25, 0 : 0.800956, 0.790722
0, 25, 1 : 0.790722, 0.779882
0, 25, 2 : 0.779882, 0.772874
0, 25, 3 : 0.772874, 0.768858
0, 25, 4 : 0.768858, 0.757302
0, 25, 5 : 0.757302, 0.745644
0, 25, 6 : 0.745644, 0.733543
0, 25, 7 : 0.733543, 0.733101
0, 26, 0 : 0.891077, 0.889731
0, 26, 1 : 0.889731, 0.888353
0, 26, 2 : 0.888353, 0.887497
0, 26, 3 : 0.887497, 0.886805
0, 26, 4 : 0.886805, 0.885204
0, 26, 5 : 0.885204, 0.883406
0, 26, 6 : 0.883406, 0.881533
0, 26, 7 : 0.881533, 0.879433
0, 26, 8 : 0.879433, 0.877229
0, 26, 9 : 0.877229, 0.876255
0, 26, 10 : 0.876255, 0.874772
0, 26, 11 : 0.874772, 0.872186
0, 26, 12 : 0.872186, 0.869302
0, 26, 13 : 0.869302, 0.866249
0, 26, 14 : 0.866249, 0.864329
0, 26, 15 : 0.864329, 0.862862
0, 26, 16 : 0.862862, 0.859278
0, 26, 17 : 0.859278, 0.857859
0, 26, 18 : 0.857859, 0.855333
0, 26, 19 : 0.855333, 0.851158
0, 26, 20 : 0.851158, 0.851066
0, 26, 21 : 0.851066, 0.846584
0, 26, 22 : 0.846584, 0.843833
0, 26, 23 : 0.843833, 0.841757
0, 26, 24 : 0.841757, 0.836514
0, 26, 25 : 0.836514, 0.836219
0, 26, 26 : 0.836219, 0.830997
0, 26, 27 : 0.830997, 0.82812
0, 26, 28 : 0.82812, 0.825055
0, 26, 29 : 0.825055, 0.819607
0, 26, 30 : 0.819607, 0.818836
0, 26, 31 : 0.818836, 0.812186
0, 26, 32 : 0.812186, 0.810469
0, 26, 33 : 0.810469, 0.805284
0, 26, 34 : 0.805284, 0.800956
0, 27, 0 : 0.893876, 0.89247
0, 27, 1 : 0.89247, 0.891077
0, 28, 0 : 0.901433, 0.900324
0, 28, 1 : 0.900324, 0.899753
0, 28, 2 : 0.899753, 0.898779
0, 28, 3 : 0.898779, 0.897971
0, 28, 4 : 0.897971, 0.89696
0, 28, 5 : 0.89696, 0.896034
0, 28, 6 : 0.896034, 0.894934
0, 28, 7 : 0.894934, 0.893876
0, 29, 0 : 0.901433, 0.902514
0, 29, 1 : 0.902514, 0.903044
0, 29, 2 : 0.903044, 0.903933
0, 29, 3 : 0.903933, 0.904637
0, 29, 4 : 0.904637, 0.905495
0, 29, 5 : 0.905495, 0.906241
0, 29, 6 : 0.906241, 0.907101
0, 29, 7 : 0.907101, 0.907875
0, 30, 0 : 0.907875, 0.909227
0, 30, 1 : 0.909227, 0.910406
0, 30, 2 : 0.910406, 0.911772
0, 30, 3 : 0.911772, 0.911963
0, 30, 4 : 0.911963, 0.912929
0, 30, 5 : 0.912929, 0.913555
0, 30, 6 : 0.913555, 0.914108
0, 30, 7 : 0.914108, 0.914675
0, 30, 8 : 0.914675, 0.915145
0, 30, 9 : 0.915145, 0.915555
0, 30, 10 : 0.915555, 0.915605
0, 30, 11 : 0.915605, 0.9158
0, 31, 0 : 0.9158, 0.916332
0, 31, 1 : 0.916332, 0.916764
0, 31, 2 : 0.916764, 0.917995
0, 32, 0 : 0.929961, 0.928841
0, 32, 1 : 0.928841, 0.926325
0, 32, 2 : 0.926325, 0.923974
0, 32, 3 : 0.923974, 0.921704
0, 32, 4 : 0.921704, 0.921285
0, 32, 5 : 0.921285, 0.917995
0, 33, 0 : 0.976072, 0.97539
0, 33, 1 : 0.97539, 0.974104
0, 33, 2 : 0.974104, 0.97333
0, 33, 3 : 0.97333, 0.969875
0, 33, 4 : 0.969875, 0.969137
0, 33, 5 : 0.969137, 0.965077
0, 33, 6 : 0.965077, 0.962878
0, 33, 7 : 0.962878, 0.962127
0, 33, 8 : 0.962127, 0.958832
0, 33, 9 : 0.958832, 0.956257
0, 33, 10 : 0.956257, 0.955139
0, 33, 11 : 0.955139, 0.95112
0, 33, 12 : 0.95112, 0.950159
0, 33, 13 : 0.950159, 0.946605
0, 33, 14 : 0.946605, 0.944528
0, 33, 15 : 0.944528, 0.941721
0, 33, 16 : 0.941721, 0.939766
0, 33, 17 : 0.939766, 0.936197
0, 33, 18 : 0.936197, 0.935475
0, 33, 19 : 0.935475, 0.932009
0, 33, 20 : 0.932009, 0.929961
0, 34, 0 : 0.96675, 0.967929
0, 34, 1 : 0.967929, 0.96983
0, 34, 2 : 0.96983, 0.971498
0, 34, 3 : 0.971498, 0.97289
0, 34, 4 : 0.97289, 0.97367
0, 34, 5 : 0.97367, 0.974041
0, 34, 6 : 0.974041, 0.975558
0, 34, 7 : 0.975558, 0.976072
0, 35, 0 : 0.943184, 0.947181
0, 35, 1 : 0.947181, 0.948595
0, 35, 2 : 0.948595, 0.950971
0, 35, 3 : 0.950971, 0.95443
0, 35, 4 : 0.95443, 0.957683
0, 35, 5 : 0.957683, 0.958202
0, 35, 6 : 0.958202, 0.960613
0, 35, 7 : 0.960613, 0.963327
0, 35, 8 : 0.963327, 0.96574
0, 35, 9 : 0.96574, 0.96675
0, 36, 0 : 0.819313, 0.824766
0, 36, 1 : 0.824766, 0.827529
0, 36, 2 : 0.827529, 0.832144
0, 36, 3 : 0.832144, 0.835874
0, 36, 4 : 0.835874, 0.845237
0, 36, 5 : 0.845237, 0.852803
0, 36, 6 : 0.852803, 0.861885
0, 36, 7 : 0.861885, 0.862906
0, 36, 8 : 0.862906, 0.869771
0, 36, 9 : 0.869771, 0.878575
0, 36, 10 : 0.878575, 0.884032
0, 36, 11 : 0.884032, 0.88643
0, 36, 12 : 0.88643, 0.894835
0, 36, 13 : 0.894835, 0.900739
0, 36, 14 : 0.900739, 0.902405
0, 36, 15 : 0.902405, 0.910309
0, 36, 16 : 0.910309, 0.9151
0, 36, 17 : 0.9151, 0.917418
0, 36, 18 : 0.917418, 0.924637
0, 36, 19 : 0.924637, 0.927622
0, 36, 20 : 0.927622, 0.931103
0, 36, 21 : 0.931103, 0.937515
0, 36, 22 : 0.937515, 0.938765
0, 36, 23 : 0.938765, 0.943184
0, 37, 0 : 0.819313, 0.812685
0, 37, 1 : 0.812685, 0.809444
0, 37, 2 : 0.809444, 0.804071
0, 37, 3 : 0.804071, 0.799898
0, 37, 4 : 0.799898, 0.794935
0, 37, 5 : 0.794935, 0.790749
0, 37, 6 : 0.790749, 0.786106
0, 37, 7 : 0.786106, 0.782792
0, 37, 8 : 0.782792, 0.782066
0, 37, 9 : 0.782066, 0.777706
0, 37, 10 : 0.777706, 0.773866
0, 37, 11 : 0.773866, 0.769833
0, 37, 12 : 0.769833, 0.768786
0, 37, 13 : 0.768786, 0.766232
0, 37, 14 : 0.766232, 0.762494
0, 37, 15 : 0.762494, 0.759208
0, 37, 16 : 0.759208, 0.759189
0, 37, 17 : 0.759189, 0.755795
0, 37, 18 : 0.755795, 0.752807
0, 38, 0 : 0.752807, 0.751869
0, 38, 1 : 0.751869, 0.747077
0, 38, 2 : 0.747077, 0.745179
0, 38, 3 : 0.745179, 0.741931
0, 38, 4 : 0.741931, 0.738669
0, 38, 5 : 0.738669, 0.737403
0, 38, 6 : 0.737403, 0.73332
0, 38, 7 : 0.73332, 0.73246
0, 38, 8 : 0.73246, 0.729849
0, 38, 9 : 0.729849, 0.726749
0, 38, 10 : 0.726749, 0.726704
0, 38, 11 : 0.726704, 0.724208
0, 38, 12 : 0.724208, 0.721967
0, 38, 13 : 0.721967, 0.721694
0, 39, 0 : 0.721694, 0.720224
0, 39, 1 : 0.720224, 0.718727
0, 39, 2 : 0.718727, 0.717642
0, 39, 3 : 0.717642, 0.717409
0, 39, 4 : 0.717409, 0.71676
0, 39, 5 : 0.71676, 0.716193
0, 39, 6 : 0.716193, 0.715787
0, 39, 7 : 0.715787, 0.715596
0, 39, 8 : 0.715596, 0.715526
0, 40, 0 : 0.715526, 0.71555
0, 40, 1 : 0.71555, 0.715634
0, 40, 2 : 0.715634, 0.715705
0, 40, 3 : 0.715705, 0.715865
0, 41, 0 : 0.716117, 0.716078
0, 41, 1 : 0.716078, 0.716012
0, 41, 2 : 0.716012, 0.715966
0, 41, 3 : 0.715966, 0.715865
0, 42, 0 : 0.716151, 0.716142
0, 42, 1 : 0.716142, 0.716117
0, 43, 0 : 0.712968, 0.713084
0, 43, 1 : 0.713084, 0.713511
0, 43, 2 : 0.713511, 0.71392
0, 43, 3 : 0.71392, 0.714587
0, 43, 4 : 0.714587, 0.714881
0, 43, 5 : 0.714881, 0.715174
0, 43, 6 : 0.715174, 0.715589
0, 43, 7 : 0.715589, 0.715909
0, 43, 8 : 0.715909, 0.716086
0, 43, 9 : 0.716086, 0.716151
0, 44, 0 : 0.667225, 0.670928
0, 44, 1 : 0.670928, 0.67438
0, 44, 2 : 0.67438, 0.67788
0, 44, 3 : 0.67788, 0.679733
0, 44, 4 : 0.679733, 0.681076
0, 44, 5 : 0.681076, 0.68431
0, 44, 6 : 0.68431, 0.687227
0, 44, 7 : 0.687227, 0.688053
0, 44, 8 : 0.688053, 0.690209
0, 44, 9 : 0.690209, 0.692854
0, 44, 10 : 0.692854, 0.693661
0, 44, 11 : 0.693661, 0.695573
0, 44, 12 : 0.695573, 0.697518
0, 44, 13 : 0.697518, 0.697954
0, 44, 14 : 0.697954, 0.700441
0, 44, 15 : 0.700441, 0.702481
0, 44, 16 : 0.702481, 0.702661
0, 44, 17 : 0.702661, 0.703844
0, 44, 18 : 0.703844, 0.704973
0, 44, 19 : 0.704973, 0.705567
0, 44, 20 : 0.705567, 0.706153
0, 44, 21 : 0.706153, 0.706745
0, 44, 22 : 0.706745, 0.707337
0, 44, 23 : 0.707337, 0.707778
0, 44, 24 : 0.707778, 0.708595
0, 44, 25 : 0.708595, 0.708687
0, 44, 26 : 0.708687, 0.709502
0, 44, 27 : 0.709502, 0.709926
0, 44, 28 : 0.709926, 0.710226
0, 44, 29 : 0.710226, 0.71091
0, 44, 30 : 0.71091, 0.711379
0, 44, 31 : 0.711379, 0.711516
0, 44, 32 : 0.711516, 0.712089
0, 44, 33 : 0.712089, 0.712596
0, 44, 34 : 0.712596, 0.712968
0, 45, 0 : 0.645967, 0.649168
0, 45, 1 : 0.649168, 0.653905
0, 45, 2 : 0.653905, 0.657363
0, 45, 3 : 0.657363, 0.658437
0, 45, 4 : 0.658437, 0.662967
0, 45, 5 : 0.662967, 0.667225
0, 46, 0 : 0.629628, 0.639573
0, 46, 1 : 0.639573, 0.645967
0, 47, 0 : 0.615468, 0.622504
0, 47, 1 : 0.622504, 0.629628
0, 48, 0 : 0.520462, 0.531954
0, 48, 1 : 0.531954, 0.543321
0, 48, 2 : 0.543321, 0.545615
0, 48, 3 : 0.545615, 0.555179
0, 48, 4 : 0.555179, 0.566788
0, 48, 5 : 0.566788, 0.578362
0, 48, 6 : 0.578362, 0.579029
0, 48, 7 : 0.579029, 0.590898
0, 48, 8 : 0.590898, 0.603386
0, 48, 9 : 0.603386, 0.611242
0, 48, 10 : 0.611242, 0.615468
0, 49, 0 : 0.497215, 0.508885
0, 49, 1 : 0.508885, 0.514005
0, 49, 2 : 0.514005, 0.520462
0, 50, 0 : 0.475973, 0.482647
0, 50, 1 : 0.482647, 0.48619
0, 50, 2 : 0.48619, 0.492191
0, 50, 3 : 0.492191, 0.497215
0, 51, 0 : 0.475973, 0.471204
0, 51, 1 : 0.471204, 0.468959
0, 51, 2 : 0.468959, 0.465264
0, 51, 3 : 0.465264, 0.462529
0, 51, 4 : 0.462529, 0.459316
0, 51, 5 : 0.459316, 0.456782
0, 51, 6 : 0.456782, 0.454024
0, 51, 7 : 0.454024, 0.453413
0, 51, 8 : 0.453413, 0.451802
0, 51, 9 : 0.451802, 0.449464
0, 51, 10 : 0.449464, 0.447694
0, 51, 11 : 0.447694, 0.447535
0, 51, 12 : 0.447535, 0.445723
0, 51, 13 : 0.445723, 0.444292
0, 51, 14 : 0.444292, 0.444156
0, 51, 15 : 0.444156, 0.442822
0, 51, 16 : 0.442822, 0.442183
0, 51, 17 : 0.442183, 0.441847
0, 51, 18 : 0.441847, 0.440787
0, 51, 19 : 0.440787, 0.440733
0, 52, 0 : 0.440733, 0.44048
0, 52, 1 : 0.44048, 0.440157
0, 53, 0 : 0.440157, 0.439831
0, 53, 1 : 0.439831, 0.439762
0, 53, 2 : 0.439762, 0.439581
0, 53, 3 : 0.439581, 0.439423
0, 53, 4 : 0.439423, 0.439333
0, 53, 5 : 0.439333, 0.439183
0, 53, 6 : 0.439183, 0.43917
0, 53, 7 : 0.43917, 0.439004
0, 53, 8 : 0.439004, 0.438865
0, 54, 0 : 0.438865, 0.438871
0, 54, 1 : 0.438871, 0.438882
0, 54, 2 : 0.438882, 0.438914
0, 55, 0 : 0.438914, 0.438923
0, 56, 0 : 0.438935, 0.438923
0, 57, 0 : 0.439044, 0.439032
0, 57, 1 : 0.439032, 0.439027
0, 57, 2 : 0.439027, 0.438997
0, 57, 3 : 0.438997, 0.43897
0, 57, 4 : 0.43897, 0.438935
0, 58, 0 : 0.438941, 0.438943
0, 58, 1 : 0.438943, 0.43902
0, 58, 2 : 0.43902, 0.439044
0, 59, 0 : 0.407333, 0.410382
0, 59, 1 : 0.410382, 0.412015
0, 59, 2 : 0.412015, 0.412963
0, 59, 3 : 0.412963, 0.414353
0, 59, 4 : 0.414353, 0.415226
0, 59, 5 : 0.415226, 0.415663
0, 59, 6 : 0.415663, 0.41703
0, 59, 7 : 0.41703, 0.417754
0, 59, 8 : 0.417754, 0.418325
0, 59, 9 : 0.418325, 0.419656
0, 59, 10 : 0.419656, 0.419852
0, 59, 11 : 0.419852, 0.420926
0, 59, 12 : 0.420926, 0.422229
0, 59, 13 : 0.422229, 0.423274
0, 59, 14 : 0.423274, 0.423493
0, 59, 15 : 0.423493, 0.426006
0, 59, 16 : 0.426006, 0.426055
0, 59, 17 : 0.426055, 0.427253
0, 59, 18 : 0.427253, 0.428376
0, 59, 19 : 0.428376, 0.42838
0, 59, 20 : 0.42838, 0.429404
0, 59, 21 : 0.429404, 0.430362
0, 59, 22 : 0.430362, 0.430607
0, 59, 23 : 0.430607, 0.431263
0, 59, 24 : 0.431263, 0.432116
0, 59, 25 : 0.432116, 0.432684
0, 59, 26 : 0.432684, 0.432872
0, 59, 27 : 0.432872, 0.433596
0, 59, 28 : 0.433596, 0.433617
0, 59, 29 : 0.433617, 0.434264
0, 59, 30 : 0.434264, 0.434498
0, 59, 31 : 0.434498, 0.434894
0, 59, 32 : 0.434894, 0.435287
0, 59, 33 : 0.435287, 0.435454
0, 59, 34 : 0.435454, 0.435992
0, 59, 35 : 0.435992, 0.436021
0, 59, 36 : 0.436021, 0.436883
0, 59, 37 : 0.436883, 0.437189
0, 59, 38 : 0.437189, 0.43767
0, 59, 39 : 0.43767, 0.438089
0, 59, 40 : 0.438089, 0.438243
0, 59, 41 : 0.438243, 0.438634
0, 59, 42 : 0.438634, 0.438676
0, 59, 43 : 0.438676, 0.438941
0, 60, 0 : 0.396826, 0.399938
0, 60, 1 : 0.399938, 0.402303
0, 60, 2 : 0.402303, 0.40248
0, 60, 3 : 0.40248, 0.405059
0, 60, 4 : 0.405059, 0.407333
0, 61, 0 : 0.377629, 0.384654
0, 61, 1 : 0.384654, 0.387858
0, 61, 2 : 0.387858, 0.393135
0, 61, 3 : 0.393135, 0.396826
0, 62, 0 : 0.377629, 0.366445
0, 62, 1 : 0.366445, 0.360328
0, 62, 2 : 0.360328, 0.349937
0, 62, 3 : 0.349937, 0.34112
0, 62, 4 : 0.34112, 0.338648
0, 63, 0 : 0.316301, 0.319921
0, 63, 1 : 0.319921, 0.320662
0, 63, 2 : 0.320662, 0.323312
0, 63, 3 : 0.323312, 0.325926
0, 63, 4 : 0.325926, 0.326496
0, 63, 5 : 0.326496, 0.329453
0, 63, 6 : 0.329453, 0.33118
0, 63, 7 : 0.33118, 0.334739
0, 63, 8 : 0.334739, 0.336548
0, 63, 9 : 0.336548, 0.338648
0, 64, 0 : 0.191263, 0.199811
0, 64, 1 : 0.199811, 0.202858
0, 64, 2 : 0.202858, 0.208361
0, 64, 3 : 0.208361, 0.213684
0, 64, 4 : 0.213684, 0.217331
0, 64, 5 : 0.217331, 0.223953
0, 64, 6 : 0.223953, 0.226393
0, 64, 7 : 0.226393, 0.233582
0, 64, 8 : 0.233582, 0.235923
0, 64, 9 : 0.235923, 0.242724
0, 64, 10 : 0.242724, 0.245602
0, 64, 11 : 0.245602, 0.251289
0, 64, 12 : 0.251289, 0.255861
0, 64, 13 : 0.255861, 0.259581
0, 64, 14 : 0.259581, 0.266229
0, 64, 15 : 0.266229, 0.267248
0, 64, 16 : 0.267248, 0.274771
0, 64, 17 : 0.274771, 0.277222
0, 64, 18 : 0.277222, 0.281646
0, 64, 19 : 0.281646, 0.288233
0, 64, 20 : 0.288233, 0.288413
0, 64, 21 : 0.288413, 0.294583
0, 64, 22 : 0.294583, 0.299461
0, 64, 23 : 0.299461, 0.300719
0, 64, 24 : 0.300719, 0.306123
0, 64, 25 : 0.306123, 0.310238
0, 64, 26 : 0.310238, 0.311498
0, 64, 27 : 0.311498, 0.315499
0, 64, 28 : 0.315499, 0.316301
0, 65, 0 : 0.147445, 0.153723
0, 65, 1 : 0.153723, 0.163006
0, 65, 2 : 0.163006, 0.170363
0, 65, 3 : 0.170363, 0.172286
0, 65, 4 : 0.172286, 0.18173
0, 65, 5 : 0.18173, 0.191263
0, 66, 0 : 0.117148, 0.135426
0, 66, 1 : 0.135426, 0.147445
0, 67, 0 : 0.0913525, 0.104188
0, 67, 1 : 0.104188, 0.111384
0, 67, 2 : 0.111384, 0.117148
0, 68, 0 : 0.041192, 0.0484397
0, 68, 1 : 0.0484397, 0.0561933
0, 68, 2 : 0.0561933, 0.0696658
0, 68, 3 : 0.0696658, 0.0752407
0, 68, 4 : 0.0752407, 0.0913525
0, 69, 0 : 0.0368399, 0.0404164
0, 69, 1 : 0.0404164, 0.041192
0, 70, 0 : -0.0686291, -0.0600555
0, 70, 1 : -0.0600555, -0.0549812
0, 70, 2 : -0.0549812, -0.0518704
0, 70, 3 : -0.0518704, -0.0440598
0, 70, 4 : -0.0440598, -0.0394663
0, 70, 5 : -0.0394663, -0.0365076
0, 70, 6 : -0.0365076, -0.0304831
0, 70, 7 : -0.0304831, -0.0290538
0, 70, 8 : -0.0290538, -0.0220101
0, 70, 9 : -0.0220101, -0.0213092
0, 70, 10 : -0.0213092, -0.014997
0, 70, 11 : -0.014997, -0.0117072
0, 70, 12 : -0.0117072, -0.00837359
0, 70, 13 : -0.00837359, -0.00213447
0, 70, 14 : -0.00213447, -0.00178221
0, 70, 15 : -0.00178221, 0.00438928
0, 70, 16 : 0.00438928, 0.00713322
0, 70, 17 : 0.00713322, 0.0105373
0, 70, 18 : 0.0105373, 0.0159277
0, 70, 19 : 0.0159277, 0.0162301
0, 70, 20 : 0.0162301, 0.0218953
0, 70, 21 : 0.0218953, 0.0240926
0, 70, 22 : 0.0240926, 0.02708
0, 70, 23 : 0.02708, 0.0314278
0, 70, 24 : 0.0314278, 0.0322096
0, 70, 25 : 0.0322096, 0.0368399
0, 71, 0 : -0.0968387, -0.0911626
0, 71, 1 : -0.0911626, -0.0852882
0, 71, 2 : -0.0852882, -0.0845754
0, 71, 3 : -0.0845754, -0.0774385
0, 71, 4 : -0.0774385, -0.0686291
0, 72, 0 : -0.120655, -0.113329
0, 72, 1 : -0.113329, -0.109456
0, 72, 2 : -0.109456, -0.102692
0, 72, 3 : -0.102692, -0.0968387
0, 73, 0 : -0.120655, -0.13125
0, 73, 1 : -0.13125, -0.136297
0, 73, 2 : -0.136297, -0.144657
0, 73, 3 : -0.144657, -0.151087
0, 73, 4 : -0.151087, -0.158609
0, 73, 5 : -0.158609, -0.161595
0, 73, 6 : -0.161595, -0.164714
0, 73, 7 : -0.164714, -0.171363
0, 73, 8 : -0.171363, -0.176486
0, 74, 0 : -0.176486, -0.179406
0, 74, 1 : -0.179406, -0.184262
0, 74, 2 : -0.184262, -0.187366
0, 74, 3 : -0.187366, -0.195031
0, 75, 0 : -0.223072, -0.215745
0, 75, 1 : -0.215745, -0.207635
0, 75, 2 : -0.207635, -0.203009
0, 75, 3 : -0.203009, -0.195031
0, 76, 0 : -0.263875, -0.262831
0, 76, 1 : -0.262831, -0.252926
0, 76, 2 : -0.252926, -0.245907
0, 76, 3 : -0.245907, -0.244569
0, 76, 4 : -0.244569, -0.236594
0, 76, 5 : -0.236594, -0.229859
0, 76, 6 : -0.229859, -0.223072
0, 77, 0 : -0.409554, -0.409341
0, 77, 1 : -0.409341, -0.403021
0, 77, 2 : -0.403021, -0.400605
0, 77, 3 : -0.400605, -0.395822
0, 77, 4 : -0.395822, -0.391251
0, 77, 5 : -0.391251, -0.38854
0, 77, 6 : -0.38854, -0.381634
0, 77, 7 : -0.381634, -0.380652
0, 77, 8 : -0.380652, -0.372684
0, 77, 9 : -0.372684, -0.371781
0, 77, 10 : -0.371781, -0.364125
0, 77, 11 : -0.364125, -0.355632
0, 77, 12 : -0.355632, -0.352214
0, 77, 13 : -0.352214, -0.346498
0, 77, 14 : -0.346498, -0.337338
0, 77, 15 : -0.337338, -0.332952
0, 77, 16 : -0.332952, -0.327727
0, 77, 17 : -0.327727, -0.318132
0, 77, 18 : -0.318132, -0.315726
0, 77, 19 : -0.315726, -0.307909
0, 77, 20 : -0.307909, -0.299621
0, 77, 21 : -0.299621, -0.287104
0, 77, 22 : -0.287104, -0.286045
0, 77, 23 : -0.286045, -0.273434
0, 77, 24 : -0.273434, -0.263875
0, 78, 0 : -0.44327, -0.439005
0, 78, 1 : -0.439005, -0.435024
0, 78, 2 : -0.435024, -0.432649
0, 78, 3 : -0.432649, -0.426463
0, 78, 4 : -0.426463, -0.425779
0, 78, 5 : -0.425779, -0.417995
0, 78, 6 : -0.417995, -0.417911
0, 78, 7 : -0.417911, -0.409554
0, 79, 0 : -0.470631, -0.470452
0, 79, 1 : -0.470452, -0.469923
0, 79, 2 : -0.469923, -0.468976
0, 79, 3 : -0.468976, -0.468727
0, 79, 4 : -0.468727, -0.467666
0, 79, 5 : -0.467666, -0.465854
0, 79, 6 : -0.465854, -0.463661
0, 79, 7 : -0.463661, -0.463194
0, 79, 8 : -0.463194, -0.460873
0, 79, 9 : -0.460873, -0.457694
0, 79, 10 : -0.457694, -0.454377
0, 79, 11 : -0.454377, -0.453822
0, 79, 12 : -0.453822, -0.449551
0, 79, 13 : -0.449551, -0.444498
0, 79, 14 : -0.444498, -0.44327
0, 80, 0 : -0.463561, -0.465091
0, 80, 1 : -0.465091, -0.46595
0, 80, 2 : -0.46595, -0.466466
0, 80, 3 : -0.466466, -0.467678
0, 80, 4 : -0.467678, -0.468695
0, 80, 5 : -0.468695, -0.469314
0, 80, 6 : -0.469314, -0.47015
0, 80, 7 : -0.47015, -0.470631
0, 81, 0 : -0.463172, -0.463561
0, 82, 0 : -0.46995, -0.463172
0, 83, 0 : -0.598353, -0.595855
0, 83, 1 : -0.595855, -0.586563
0, 83, 2 : -0.586563, -0.579975
0, 83, 3 : -0.579975, -0.573835
0, 83, 4 : -0.573835, -0.566908
0, 83, 5 : -0.566908, -0.561467
0, 83, 6 : -0.561467, -0.559766
0, 83, 7 : -0.559766, -0.55228
0, 83, 8 : -0.55228, -0.544562
0, 83, 9 : -0.544562, -0.541639
0, 83, 10 : -0.541639, -0.536405
0, 83, 11 : -0.536405, -0.528045
0, 83, 12 : -0.528045, -0.519838
0, 83, 13 : -0.519838, -0.519174
0, 83, 14 : -0.519174, -0.510176
0, 83, 15 : -0.510176, -0.50062
0, 83, 16 : -0.50062, -0.497559
0, 83, 17 : -0.497559, -0.490866
0, 83, 18 : -0.490866, -0.480519
0, 83, 19 : -0.480519, -0.474062
0, 83, 20 : -0.474062, -0.46995
0, 84, 0 : -0.615077, -0.614825
0, 84, 1 : -0.614825, -0.609339
0, 84, 2 : -0.609339, -0.607058
0, 84, 3 : -0.607058, -0.598353
0, 85, 0 : -0.663415, -0.656251
0, 85, 1 : -0.656251, -0.649241
0, 85, 2 : -0.649241, -0.642227
0, 85, 3 : -0.642227, -0.637696
0, 85, 4 : -0.637696, -0.635397
0, 85, 5 : -0.635397, -0.628486
0, 85, 6 : -0.628486, -0.621847
0, 85, 7 : -0.621847, -0.619965
0, 85, 8 : -0.619965, -0.615133
0, 85, 9 : -0.615133, -0.615077
0, 86, 0 : -0.687447, -0.675338
0, 86, 1 : -0.675338, -0.663415
0, 87, 0 : -0.751106, -0.748699
0, 87, 1 : -0.748699, -0.740101
0, 87, 2 : -0.740101, -0.731577
0, 87, 3 : -0.731577, -0.722791
0, 87, 4 : -0.722791, -0.705365
0, 87, 5 : -0.705365, -0.703368
0, 87, 6 : -0.703368, -0.687447
0, 88, 0 : -0.815317, -0.810063
0, 88, 1 : -0.810063, -0.809191
0, 88, 2 : -0.809191, -0.802454
0, 88, 3 : -0.802454, -0.795665
0, 88, 4 : -0.795665, -0.788308
0, 88, 5 : -0.788308, -0.784172
0, 88, 6 : -0.784172, -0.780946
0, 88, 7 : -0.780946, -0.773059
0, 88, 8 : -0.773059, -0.765214
0, 88, 9 : -0.765214, -0.756927
0, 88, 10 : -0.756927, -0.751106
0, 89, 0 : -0.874067, -0.873891
0, 89, 1 : -0.873891, -0.873373
0, 89, 2 : -0.873373, -0.872502
0, 89, 3 : -0.872502, -0.872447
0, 89, 4 : -0.872447, -0.871168
0, 89, 5 : -0.871168, -0.869396
0, 89, 6 : -0.869396, -0.867399
0, 89, 7 : -0.867399, -0.867257
0, 89, 8 : -0.867257, -0.864539
0, 89, 9 : -0.864539, -0.861447
0, 89, 10 : -0.861447, -0.858337
0, 89, 11 : -0.858337, -0.857684
0, 89, 12 : -0.857684, -0.853544
0, 89, 13 : -0.853544, -0.848653
0, 89, 14 : -0.848653, -0.845587
0, 89, 15 : -0.845587, -0.843354
0, 89, 16 : -0.843354, -0.837245
0, 89, 17 : -0.837245, -0.830677
0, 89, 18 : -0.830677, -0.829319
0, 89, 19 : -0.829319, -0.823268
0, 89, 20 : -0.823268, -0.815317
0, 90, 0 : -0.867154, -0.868648
0, 90, 1 : -0.868648, -0.869105
0, 90, 2 : -0.869105, -0.869991
0, 90, 3 : -0.869991, -0.871177
0, 90, 4 : -0.871177, -0.872172
0, 90, 5 : -0.872172, -0.872523
0, 90, 6 : -0.872523, -0.873596
0, 90, 7 : -0.873596, -0.874067
0, 91, 0 : -0.760484, -0.770559
0, 91, 1 : -0.770559, -0.775538
0, 91, 2 : -0.775538, -0.783834
0, 91, 3 : -0.783834, -0.790217
0, 91, 4 : -0.790217, -0.797886
0, 91, 5 : -0.797886, -0.804173
0, 91, 6 : -0.804173, -0.811253
0, 91, 7 : -0.811253, -0.817132
0, 91, 8 : -0.817132, -0.823597
0, 91, 9 : -0.823597, -0.827393
0, 91, 10 : -0.827393, -0.828992
0, 91, 11 : -0.828992, -0.831928
0, 91, 12 : -0.831928, -0.83463
0, 91, 13 : -0.83463, -0.837496
0, 91, 14 : -0.837496, -0.840175
0, 91, 15 : -0.840175, -0.841012
0, 91, 16 : -0.841012, -0.843097
0, 91, 17 : -0.843097, -0.845034
0, 91, 18 : -0.845034, -0.845964
0, 91, 19 : -0.845964, -0.848288
0, 91, 20 : -0.848288, -0.849238
0, 91, 21 : -0.849238, -0.851015
0, 91, 22 : -0.851015, -0.852721
0, 91, 23 : -0.852721, -0.853458
0, 91, 24 : -0.853458, -0.854738
0, 91, 25 : -0.854738, -0.855646
0, 91, 26 : -0.855646, -0.856926
0, 91, 27 : -0.856926, -0.857666
0, 91, 28 : -0.857666, -0.859392
0, 91, 29 : -0.859392, -0.859532
0, 91, 30 : -0.859532, -0.861269
0, 91, 31 : -0.861269, -0.862197
0, 91, 32 : -0.862197, -0.86288
0, 91, 33 : -0.86288, -0.864414
0, 91, 34 : -0.864414, -0.865443
0, 91, 35 : -0.865443, -0.865824
0, 91, 36 : -0.865824, -0.867154
0, 92, 0 : -0.760484, -0.752938
0, 92, 1 : -0.752938, -0.749194
0, 92, 2 : -0.749194, -0.742966
0, 92, 3 : -0.742966, -0.73809
0, 93, 0 : -0.73809, -0.728399
0, 93, 1 : -0.728399, -0.719584
0, 93, 2 : -0.719584, -0.710377
0, 93, 3 : -0.710377, -0.701987
0, 93, 4 : -0.701987, -0.693303
0, 93, 5 : -0.693303, -0.685402
0, 93, 6 : -0.685402, -0.684872
0, 94, 0 : -0.684872, -0.687456
0, 94, 1 : -0.687456, -0.688414
0, 94, 2 : -0.688414, -0.690568
0, 94, 3 : -0.690568, -0.69409
0, 94, 4 : -0.69409, -0.697464
0, 94, 5 : -0.697464, -0.701275
0, 94, 6 : -0.701275, -0.704872
0, 94, 7 : -0.704872, -0.708944
0, 94, 8 : -0.708944, -0.712712
0, 94, 9 : -0.712712, -0.717027
0, 94, 10 : -0.717027, -0.720893
0, 94, 11 : -0.720893, -0.725452
0, 94, 12 : -0.725452, -0.729268
0, 94, 13 : -0.729268, -0.734151
0, 94, 14 : -0.734151, -0.73709
0, 94, 15 : -0.73709, -0.743056
0, 95, 0 : -0.807309, -0.803673
0, 95, 1 : -0.803673, -0.799757
0, 95, 2 : -0.799757, -0.796009
0, 95, 3 : -0.796009, -0.791969
0, 95, 4 : -0.791969, -0.784589
0, 95, 5 : -0.784589, -0.775883
0, 95, 6 : -0.775883, -0.76862
0, 95, 7 : -0.76862, -0.759446
0, 95, 8 : -0.759446, -0.755785
0, 95, 9 : -0.755785, -0.75122
0, 95, 10 : -0.75122, -0.748485
0, 95, 11 : -0.748485, -0.743056
0, 96, 0 : -0.881082, -0.880601
0, 96, 1 : -0.880601, -0.880395
0, 96, 2 : -0.880395, -0.879998
0, 96, 3 : -0.879998, -0.879248
0, 96, 4 : -0.879248, -0.878382
0, 96, 5 : -0.878382, -0.877368
0, 96, 6 : -0.877368, -0.876731
0, 96, 7 : -0.876731, -0.876243
0, 96, 8 : -0.876243, -0.874974
0, 96, 9 : -0.874974, -0.873596
0, 96, 10 : -0.873596, -0.872077
0, 96, 11 : -0.872077, -0.870703
0, 96, 12 : -0.870703, -0.87045
0, 96, 13 : -0.87045, -0.868697
0, 96, 14 : -0.868697, -0.866832
0, 96, 15 : -0.866832, -0.862756
0, 96, 16 : -0.862756, -0.862175
0, 96, 17 : -0.862175, -0.858202
0, 96, 18 : -0.858202, -0.853293
0, 96, 19 : -0.853293, -0.850527
0, 96, 20 : -0.850527, -0.847816
0, 96, 21 : -0.847816, -0.84499
0, 96, 22 : -0.84499, -0.842001
0, 96, 23 : -0.842001, -0.838987
0, 96, 24 : -0.838987, -0.835794
0, 96, 25 : -0.835794, -0.834522
0, 96, 26 : -0.834522, -0.832597
0, 96, 27 : -0.832597, -0.829204
0, 96, 28 : -0.829204, -0.825835
0, 96, 29 : -0.825835, -0.822251
0, 96, 30 : -0.822251, -0.818718
0, 96, 31 : -0.818718, -0.814951
0, 96, 32 : -0.814951, -0.811261
0, 96, 33 : -0.811261, -0.810236
0, 96, 34 : -0.810236, -0.807309
0, 97, 0 : -0.881668, -0.881518
0, 97, 1 : -0.881518, -0.881082
0, 98, 0 : -0.739588, -0.749711
0, 98, 1 : -0.749711, -0.754789
0, 98, 2 : -0.754789, -0.763291
0, 98, 3 : -0.763291, -0.769943
0, 98, 4 : -0.769943, -0.778009
0, 98, 5 : -0.778009, -0.784787
0, 98, 6 : -0.784787, -0.792536
0, 98, 7 : -0.792536, -0.798625
0, 98, 8 : -0.798625, -0.799236
0, 98, 9 : -0.799236, -0.806838
0, 98, 10 : -0.806838, -0.813641
0, 98, 11 : -0.813641, -0.817434
0, 98, 12 : -0.817434, -0.821111
0, 98, 13 : -0.821111, -0.822247
0, 98, 14 : -0.822247, -0.825195
0, 98, 15 : -0.825195, -0.829313
0, 98, 16 : -0.829313, -0.833921
0, 98, 17 : -0.833921, -0.835152
0, 98, 18 : -0.835152, -0.838789
0, 98, 19 : -0.838789, -0.844285
0, 98, 20 : -0.844285, -0.844427
0, 98, 21 : -0.844427, -0.85083
0, 98, 22 : -0.85083, -0.851831
0, 98, 23 : -0.851831, -0.854494
0, 98, 24 : -0.854494, -0.85803
0, 98, 25 : -0.85803, -0.858389
0, 98, 26 : -0.858389, -0.862718
0, 98, 27 : -0.862718, -0.863484
0, 98, 28 : -0.863484, -0.86726
0, 98, 29 : -0.86726, -0.867959
0, 98, 30 : -0.867959, -0.871837
0, 98, 31 : -0.871837, -0.87202
0, 98, 32 : -0.87202, -0.874926
0, 98, 33 : -0.874926, -0.876544
0, 98, 34 : -0.876544, -0.877448
0, 98, 35 : -0.877448, -0.879327
0, 98, 36 : -0.879327, -0.880176
0, 98, 37 : -0.880176, -0.880651
0, 98, 38 : -0.880651, -0.881419
0, 98, 39 : -0.881419, -0.881668
0, 99, 0 : -0.739588, -0.732068
0, 99, 1 : -0.732068, -0.728378
0, 99, 2 : -0.728378, -0.722259
0, 99, 3 : -0.722259, -0.717519
0, 100, 0 : -0.717519, -0.708134
0, 100, 1 : -0.708134, -0.699652
0, 100, 2 : -0.699652, -0.690822
0, 100, 3 : -0.690822, -0.68284
0, 100, 4 : -0.68284, -0.674615
0, 100, 5 : -0.674615, -0.667207
0, 100, 6 : -0.667207, -0.664167
0, 100, 7 : -0.664167, -0.659659
0, 100, 8 : -0.659659, -0.652923
0, 100, 9 : -0.652923, -0.646117
0, 100, 10 : -0.646117, -0.640113
0, 100, 11 : -0.640113, -0.634115
0, 100, 12 : -0.634115, -0.628927
0, 100, 13 : -0.628927, -0.624471
0, 100, 14 : -0.624471, -0.62383
0, 100, 15 : -0.62383, -0.61963
0, 100, 16 : -0.61963, -0.615597
0, 100, 17 : -0.615597, -0.612412
0, 101, 0 : -0.612412, -0.610303
0, 101, 1 : -0.610303, -0.607866
0, 101, 2 : -0.607866, -0.603129
0, 102, 0 : -0.603129, -0.60123
0, 102, 1 : -0.60123, -0.600168
0, 102, 2 : -0.600168, -0.599177
0, 102, 3 : -0.599177, -0.597348
0, 102, 4 : -0.597348, -0.595202
0, 102, 5 : -0.595202, -0.59337
0, 102, 6 : -0.59337, -0.590959
0, 102, 7 : -0.590959, -0.589488
0, 102, 8 : -0.589488, -0.586275
0, 103, 0 : -0.554328, -0.559545
0, 103, 1 : -0.559545, -0.564625
0, 103, 2 : -0.564625, -0.568589
0, 103, 3 : -0.568589, -0.568822
0, 103, 4 : -0.568822, -0.573155
0, 103, 5 : -0.573155, -0.576516
0, 103, 6 : -0.576516, -0.580272
0, 103, 7 : -0.580272, -0.582429
0, 103, 8 : -0.582429, -0.586275
0, 104, 0 : -0.487171, -0.488801
0, 104, 1 : -0.488801, -0.498251
0, 104, 2 : -0.498251, -0.505066
0, 104, 3 : -0.505066, -0.507385
0, 104, 4 : -0.507385, -0.516118
0, 104, 5 : -0.516118, -0.522306
0, 104, 6 : -0.522306, -0.524519
0, 104, 7 : -0.524519, -0.532458
0, 104, 8 : -0.532458, -0.538072
0, 104, 9 : -0.538072, -0.540108
0, 104, 10 : -0.540108, -0.547369
0, 104, 11 : -0.547369, -0.553357
0, 104, 12 : -0.553357, -0.554328
0, 105, 0 : -0.392593, -0.398101
0, 105, 1 : -0.398101, -0.419799
0, 105, 2 : -0.419799, -0.421842
0, 105, 3 : -0.421842, -0.444353
0, 105, 4 : -0.444353, -0.445153
0, 105, 5 : -0.445153, -0.455394
0, 105, 6 : -0.455394, -0.466098
0, 105, 7 : -0.466098, -0.468125
0, 105, 8 : -0.468125, -0.47681
0, 105, 9 : -0.47681, -0.487171
0, 106, 0 : -0.281651, -0.284049
0, 106, 1 : -0.284049, -0.300425
0, 106, 2 : -0.300425, -0.314994
0, 106, 3 : -0.314994, -0.31669
0, 106, 4 : -0.31669, -0.334837
0, 106, 5 : -0.334837, -0.345573
0, 106, 6 : -0.345573, -0.352895
0, 106, 7 : -0.352895, -0.372782
0, 106, 8 : -0.372782, -0.373207
0, 106, 9 : -0.373207, -0.392593
0, 107, 0 : -0.254104, -0.26911
0, 107, 1 : -0.26911, -0.281651
0, 108, 0 : -0.216991, -0.224797
0, 108, 1 : -0.224797, -0.235484
0, 108, 2 : -0.235484, -0.253034
0, 108, 3 : -0.253034, -0.254104
0, 109, 0 : -0.175705, -0.186129
0, 109, 1 : -0.186129, -0.196385
0, 109, 2 : -0.196385, -0.198361
0, 109, 3 : -0.198361, -0.206689
0, 109, 4 : -0.206689, -0.216991
0, 110, 0 : -0.101344, -0.102202
0, 110, 1 : -0.102202, -0.116271
0, 110, 2 : -0.116271, -0.117788
0, 110, 3 : -0.117788, -0.130322
0, 110, 4 : -0.130322, -0.13609
0, 110, 5 : -0.13609, -0.144872
0, 110, 6 : -0.144872, -0.145873
0, 110, 7 : -0.145873, -0.155707
0, 110, 8 : -0.155707, -0.159788
0, 110, 9 : -0.159788, -0.165714
0, 110, 10 : -0.165714, -0.175705
0, 111, 0 : -0.0661563, -0.071143
0, 111, 1 : -0.071143, -0.0839742
0, 111, 2 : -0.0839742, -0.0889636
0, 111, 3 : -0.0889636, -0.101344
0, 112, 0 : -0.0187706, -0.0238477
0, 112, 1 : -0.0238477, -0.0340755
0, 112, 2 : -0.0340755, -0.0379746
0, 112, 3 : -0.0379746, -0.0479187
0, 112, 4 : -0.0479187, -0.051857
0, 112, 5 : -0.051857, -0.0601536
0, 112, 6 : -0.0601536, -0.0661563
0, 113, 0 : -0.0102623, -0.014583
0, 113, 1 : -0.014583, -0.0187706
0, 114, 0 : 0.0669007, 0.0580623
0, 114, 1 : 0.0580623, 0.0572116
0, 114, 2 : 0.0572116, 0.0487734
0, 114, 3 : 0.0487734, 0.0404945
0, 114, 4 : 0.0404945, 0.0394866
0, 114, 5 : 0.0394866, 0.0297462
0, 114, 6 : 0.0297462, 0.0234713
0, 114, 7 : 0.0234713, 0.0200837
0, 114, 8 : 0.0200837, 0.0100182
0, 114, 9 : 0.0100182, 0.00636793
0, 114, 10 : 0.00636793, 5.7661e-05
0, 114, 11 : 5.7661e-05, -0.0102623
0, 115, 0 : 0.181426, 0.181294
0, 115, 1 : 0.181294, 0.18089
0, 115, 2 : 0.18089, 0.180236
0, 115, 3 : 0.180236, 0.1799
0, 115, 4 : 0.1799, 0.179318
0, 115, 5 : 0.179318, 0.178172
0, 115, 6 : 0.178172, 0.176763
0, 115, 7 : 0.176763, 0.17513
0, 115, 8 : 0.17513, 0.173243
0, 115, 9 : 0.173243, 0.172839
0, 115, 10 : 0.172839, 0.168819
0, 115, 11 : 0.168819, 0.163464
0, 115, 12 : 0.163464, 0.157214
0, 115, 13 : 0.157214, 0.15488
0, 115, 14 : 0.15488, 0.15021
0, 115, 15 : 0.15021, 0.142261
0, 115, 16 : 0.142261, 0.133735
0, 115, 17 : 0.133735, 0.12909
0, 115, 18 : 0.12909, 0.125163
0, 115, 19 : 0.125163, 0.124342
0, 115, 20 : 0.124342, 0.119323
0, 115, 21 : 0.119323, 0.114224
0, 115, 22 : 0.114224, 0.108839
0, 115, 23 : 0.108839, 0.103398
0, 115, 24 : 0.103398, 0.0976624
0, 115, 25 : 0.0976624, 0.0918897
0, 115, 26 : 0.0918897, 0.0900061
0, 115, 27 : 0.0900061, 0.0858133
0, 115, 28 : 0.0858133, 0.0797119
0, 115, 29 : 0.0797119, 0.073313
0, 115, 30 : 0.073313, 0.0669007
1, 0, 0 : 0.0643215, 0.0572619
1, 1, 0 : 0.0675587, 0.0643215
1, 2, 0 : 0.0946672, 0.0928308
1, 2, 1 : 0.0928308, 0.0911601
1, 2, 2 : 0.0911601, 0.0851111
1, 2, 3 : 0.0851111, 0.084209
1, 2, 4 : 0.084209, 0.0791315
1, 2, 5 : 0.0791315, 0.0763557
1, 2, 6 : 0.0763557, 0.0733387
1, 2, 7 : 0.0733387, 0.0686968
1, 2, 8 : 0.0686968, 0.0675587
1, 3, 0 : 0.0851587, 0.0890392
1, 3, 1 : 0.0890392, 0.0911188
1, 3, 2 : 0.0911188, 0.0933389
1, 3, 3 : 0.0933389, 0.0946223
1, 3, 4 : 0.0946223, 0.0946672
1, 4, 0 : 0.0851587, 0.0810244
1, 4, 1 : 0.0810244, 0.0791505
1, 4, 2 : 0.0791505, 0.078213
1, 4, 3 : 0.078213, 0.0760872
1, 4, 4 : 0.0760872, 0.0738597
1, 4, 5 : 0.0738597, 0.0713205
1, 4, 6 : 0.0713205, 0.0693647
1, 4, 7 : 0.0693647, 0.069194
1, 4, 8 : 0.069194, 0.0671491
1, 4, 9 : 0.0671491, 0.0653733
1, 4, 10 : 0.0653733, 0.0647174
1, 5, 0 : 0.0647174, 0.0635708
1, 5, 1 : 0.0635708, 0.0621577
1, 5, 2 : 0.0621577, 0.0607929
1, 5, 3 : 0.0607929, 0.060497
1, 5, 4 : 0.060497, 0.0597822
1, 5, 5 : 0.0597822, 0.0588629
1, 5, 6 : 0.0588629, 0.0585597
1, 5, 7 : 0.0585597, 0.0582292
1, 5, 8 : 0.0582292, 0.0579763
1, 5, 9 : 0.0579763, 0.0576053
1, 5, 10 : 0.0576053, 0.0574535
1, 5, 11 : 0.0574535, 0.0572619
1, 6, 0 : 0.0643215, 0.0572619
0, 0, 0 : 0.175237, 0.1751
0, 0, 1 : 0.1751, 0.174679
0, 0, 2 : 0.174679, 0.173997
0, 0, 3 : 0.173997, 0.173748
0, 0, 4 : 0.173748, 0.173043
0, 0, 5 : 0.173043, 0.171852
0, 0, 6 : 0.171852, 0.170386
0, 0, 7 : 0.170386, 0.16869
0, 0, 8 : 0.16869, 0.166813
0, 0, 9 : 0.166813, 0.16673
0, 0, 10 : 0.16673, 0.162145
0, 0, 11 : 0.162145, 0.156591
0, 0, 12 : 0.156591, 0.150123
0, 0, 13 : 0.150123, 0.148906
0, 0, 14 : 0.148906, 0.142883
0, 0, 15 : 0.142883, 0.134673
0, 0, 16 : 0.134673, 0.125876
0, 0, 17 : 0.125876, 0.121089
0, 0, 18 : 0.121089, 0.118838
0, 0, 19 : 0.118838, 0.116199
0, 0, 20 : 0.116199, 0.111032
0, 0, 21 : 0.111032, 0.105787
0, 0, 22 : 0.105787, 0.100251
0, 0, 23 : 0.100251, 0.094661
0, 0, 24 : 0.094661, 0.0887717
0, 0, 25 : 0.0887717, 0.083041
0, 0, 26 : 0.083041, 0.0828496
0, 0, 27 : 0.0828496, 0.0766162
0, 0, 28 : 0.0766162, 0.0703662
0, 0, 29 : 0.0703662, 0.063814
0, 0, 30 : 0.063814, 0.0572551
0, 1, 0 : 0.173281, 0.174098
0, 1, 1 : 0.174098, 0.174145
0, 1, 2 : 0.174145, 0.174763
0, 1, 3 : 0.174763, 0.174903
0, 1, 4 : 0.174903, 0.175117
0, 1, 5 : 0.175117, 0.175237
0, 2, 0 : 0.127965, 0.13007
0, 2, 1 : 0.13007, 0.135415
0, 2, 2 : 0.135415, 0.136939
0, 2, 3 : 0.136939, 0.140128
0, 2, 4 : 0.140128, 0.144061
0, 2, 5 : 0.144061, 0.144583
0, 2, 6 : 0.144583, 0.1486
0, 2, 7 : 0.1486, 0.15029
0, 2, 8 : 0.15029, 0.152421
0, 2, 9 : 0.152421, 0.156176
0, 2, 10 : 0.156176, 0.156237
0, 2, 11 : 0.156237, 0.159571
0, 2, 12 : 0.159571, 0.161065
0, 2, 13 : 0.161065, 0.162946
0, 2, 14 : 0.162946, 0.165332
0, 2, 15 : 0.165332, 0.16612
0, 2, 16 : 0.16612, 0.168681
0, 2, 17 : 0.168681, 0.16916
0, 2, 18 : 0.16916, 0.171358
0, 2, 19 : 0.171358, 0.171869
0, 2, 20 : 0.171869, 0.173075
0, 2, 21 : 0.173075, 0.173281
0, 3, 0 : 0.170827, 0.162533
0, 3, 1 : 0.162533, 0.155538
0, 3, 2 : 0.155538, 0.149098
0, 3, 3 : 0.149098, 0.140827
0, 3, 4 : 0.140827, 0.136369
0, 3, 5 : 0.136369, 0.127965
0, 4, 0 : 0.194281, 0.193893
0, 4, 1 : 0.193893, 0.182062
0, 4, 2 : 0.182062, 0.177359
0, 4, 3 : 0.177359, 0.170827
0, 5, 0 : 0.261192, 0.250078
0, 5, 1 : 0.250078, 0.247097
0, 5, 2 : 0.247097, 0.239302
0, 5, 3 : 0.239302, 0.22852
0, 5, 4 : 0.22852, 0.227799
0, 5, 5 : 0.227799, 0.216749
0, 5, 6 : 0.216749, 0.21069
0, 5, 7 : 0.21069, 0.204999
0, 5, 8 : 0.204999, 0.194281
0, 6, 0 : 0.28982, 0.283146
0, 6, 1 : 0.283146, 0.275487
0, 6, 2 : 0.275487, 0.265837
0, 6, 3 : 0.265837, 0.261192
0, 7, 0 : 0.323024, 0.314386
0, 7, 1 : 0.314386, 0.311479
0, 7, 2 : 0.311479, 0.305995
0, 7, 3 : 0.305995, 0.298721
0, 7, 4 : 0.298721, 0.297909
0, 7, 5 : 0.297909, 0.28982
0, 8, 0 : 0.40116, 0.393672
0, 8, 1 : 0.393672, 0.384265
0, 8, 2 : 0.384265, 0.379886
0, 8, 3 : 0.379886, 0.374645
0, 8, 4 : 0.374645, 0.365006
0, 8, 5 : 0.365006, 0.359864
0, 8, 6 : 0.359864, 0.355104
0, 8, 7 : 0.355104, 0.350044
0, 8, 8 : 0.350044, 0.344986
0, 8, 9 : 0.344986, 0.340687
0, 8, 10 : 0.340687, 0.334283
0, 8, 11 : 0.334283, 0.33165
0, 8, 12 : 0.33165, 0.323024
0, 9, 0 : 0.403112, 0.40116
0, 10, 0 : 0.412721, 0.4118
0, 10, 1 : 0.4118, 0.403112
0, 11, 0 : 0.439773, 0.436542
0, 11, 1 : 0.436542, 0.432339
0, 11, 2 : 0.432339, 0.430912
0, 11, 3 : 0.430912, 0.428852
0, 11, 4 : 0.428852, 0.425369
0, 11, 5 : 0.425369, 0.422415
0, 11, 6 : 0.422415, 0.419309
0, 11, 7 : 0.419309, 0.417376
0, 11, 8 : 0.417376, 0.416685
0, 11, 9 : 0.416685, 0.413776
0, 11, 10 : 0.413776, 0.412721
0, 12, 0 : 0.482288, 0.482278
0, 12, 1 : 0.482278, 0.476311
0, 12, 2 : 0.476311, 0.472743
0, 12, 3 : 0.472743, 0.470251
0, 12, 4 : 0.470251, 0.465184
0, 12, 5 : 0.465184, 0.464391
0, 12, 6 : 0.464391, 0.459216
0, 12, 7 : 0.459216, 0.458398
0, 12, 8 : 0.458398, 0.454349
0, 12, 9 : 0.454349, 0.452475
0, 12, 10 : 0.452475, 0.446895
0, 12, 11 : 0.446895, 0.446337
0, 12, 12 : 0.446337, 0.441064
0, 12, 13 : 0.441064, 0.439773
0, 13, 0 : 0.488467, 0.48533
0, 13, 1 : 0.48533, 0.482288
0, 14, 0 : 0.543671, 0.54175
0, 14, 1 : 0.54175, 0.53659
0, 14, 2 : 0.53659, 0.529595
0, 14, 3 : 0.529595, 0.522551
0, 14, 4 : 0.522551, 0.520144
0, 14, 5 : 0.520144, 0.515648
0, 14, 6 : 0.515648, 0.508685
0, 14, 7 : 0.508685, 0.502451
0, 14, 8 : 0.502451, 0.501927
0, 14, 9 : 0.501927, 0.495067
0, 14, 10 : 0.495067, 0.488467
0, 15, 0 : 0.661026, 0.657852
0, 15, 1 : 0.657852, 0.655332
0, 15, 2 : 0.655332, 0.649195
0, 15, 3 : 0.649195, 0.642905
0, 15, 4 : 0.642905, 0.636208
0, 15, 5 : 0.636208, 0.629402
0, 15, 6 : 0.629402, 0.622239
0, 15, 7 : 0.622239, 0.61844
0, 15, 8 : 0.61844, 0.614996
0, 15, 9 : 0.614996, 0.607454
0, 15, 10 : 0.607454, 0.592174
0, 15, 11 : 0.592174, 0.576153
0, 15, 12 : 0.576153, 0.568099
0, 15, 13 : 0.568099, 0.566907
0, 15, 14 : 0.566907, 0.559977
0, 15, 15 : 0.559977, 0.551806
0, 15, 16 : 0.551806, 0.543671
0, 16, 0 : 0.706842, 0.706109
0, 16, 1 : 0.706109, 0.705115
0, 16, 2 : 0.705115, 0.70391
0, 16, 3 : 0.70391, 0.700265
0, 16, 4 : 0.700265, 0.698157
0, 16, 5 : 0.698157, 0.695239
0, 16, 6 : 0.695239, 0.692169
0, 16, 7 : 0.692169, 0.688777
0, 16, 8 : 0.688777, 0.684989
0, 16, 9 : 0.684989, 0.682699
0, 16, 10 : 0.682699, 0.680907
0, 16, 11 : 0.680907, 0.676427
0, 16, 12 : 0.676427, 0.671666
0, 16, 13 : 0.671666, 0.666478
0, 16, 14 : 0.666478, 0.661026
0, 17, 0 : 0.665397, 0.666851
0, 17, 1 : 0.666851, 0.670441
0, 17, 2 : 0.670441, 0.671818
0, 17, 3 : 0.671818, 0.673961
0, 17, 4 : 0.673961, 0.677444
0, 17, 5 : 0.677444, 0.677561
0, 17, 6 : 0.677561, 0.68086
0, 17, 7 : 0.68086, 0.682426
0, 17, 8 : 0.682426, 0.684328
0, 17, 9 : 0.684328, 0.686692
0, 17, 10 : 0.686692, 0.687764
0, 17, 11 : 0.687764, 0.690331
0, 17, 12 : 0.690331, 0.69132
0, 17, 13 : 0.69132, 0.693493
0, 17, 14 : 0.693493, 0.694888
0, 17, 15 : 0.694888, 0.696198
0, 17, 16 : 0.696198, 0.698591
0, 17, 17 : 0.698591, 0.698598
0, 17, 18 : 0.698598, 0.700571
0, 17, 19 : 0.700571, 0.702159
0, 17, 20 : 0.702159, 0.702293
0, 17, 21 : 0.702293, 0.703706
0, 17, 22 : 0.703706, 0.703839
0, 17, 23 : 0.703839, 0.704851
0, 17, 24 : 0.704851, 0.705307
0, 17, 25 : 0.705307, 0.706344
0, 17, 26 : 0.706344, 0.706395
0, 17, 27 : 0.706395, 0.706842
0, 18, 0 : 0.650632, 0.655837
0, 18, 1 : 0.655837, 0.659148
0, 18, 2 : 0.659148, 0.665397
0, 19, 0 : 0.616419, 0.620376
0, 19, 1 : 0.620376, 0.622786
0, 19, 2 : 0.622786, 0.627
0, 19, 3 : 0.627, 0.63091
0, 19, 4 : 0.63091, 0.633529
0, 19, 5 : 0.633529, 0.635744
0, 19, 6 : 0.635744, 0.640314
0, 19, 7 : 0.640314, 0.645414
0, 19, 8 : 0.645414, 0.645596
0, 19, 9 : 0.645596, 0.650632
0, 20, 0 : 0.616419, 0.61387
0, 20, 1 : 0.61387, 0.612794
0, 20, 2 : 0.612794, 0.611085
0, 20, 3 : 0.611085, 0.609911
0, 20, 4 : 0.609911, 0.607358
0, 20, 5 : 0.607358, 0.606662
0, 20, 6 : 0.606662, 0.605676
0, 20, 7 : 0.605676, 0.603722
0, 20, 8 : 0.603722, 0.602613
0, 20, 9 : 0.602613, 0.602115
0, 20, 10 : 0.602115, 0.600274
0, 20, 11 : 0.600274, 0.598942
0, 20, 12 : 0.598942, 0.598413
0, 21, 0 : 0.598413, 0.597273
0, 21, 1 : 0.597273, 0.595802
0, 21, 2 : 0.595802, 0.594313
0, 21, 3 : 0.594313, 0.592502
0, 21, 4 : 0.592502, 0.591926
0, 22, 0 : 0.591926, 0.590715
0, 22, 1 : 0.590715, 0.588942
0, 23, 0 : 0.731935, 0.72773
0, 23, 1 : 0.72773, 0.715227
0, 23, 2 : 0.715227, 0.714386
0, 23, 3 : 0.714386, 0.701627
0, 23, 4 : 0.701627, 0.695972
0, 23, 5 : 0.695972, 0.678117
0, 23, 6 : 0.678117, 0.673196
0, 23, 7 : 0.673196, 0.659743
0, 23, 8 : 0.659743, 0.642067
0, 23, 9 : 0.642067, 0.641248
0, 23, 10 : 0.641248, 0.62407
0, 23, 11 : 0.62407, 0.623927
0, 23, 12 : 0.623927, 0.606913
0, 23, 13 : 0.606913, 0.605744
0, 23, 14 : 0.605744, 0.589504
0, 23, 15 : 0.589504, 0.588942
0, 24, 0 : 0.795567, 0.785236
0, 24, 1 : 0.785236, 0.774321
0, 24, 2 : 0.774321, 0.771416
0, 24, 3 : 0.771416, 0.763232
0, 24, 4 : 0.763232, 0.751638
0, 24, 5 : 0.751638, 0.739956
0, 24, 6 : 0.739956, 0.731935
0, 25, 0 : 0.889732, 0.888386
0, 25, 1 : 0.888386, 0.887009
0, 25, 2 : 0.887009, 0.885461
0, 25, 3 : 0.885461, 0.88545
0, 25, 4 : 0.88545, 0.88386
0, 25, 5 : 0.88386, 0.882063
0, 25, 6 : 0.882063, 0.880189
0, 25, 7 : 0.880189, 0.878088
0, 25, 8 : 0.878088, 0.875884
0, 25, 9 : 0.875884, 0.873897
0, 25, 10 : 0.873897, 0.873421
0, 25, 11 : 0.873421, 0.870833
0, 25, 12 : 0.870833, 0.867946
0, 25, 13 : 0.867946, 0.86489
0, 25, 14 : 0.86489, 0.861546
0, 25, 15 : 0.861546, 0.861491
0, 25, 16 : 0.861491, 0.857903
0, 25, 17 : 0.857903, 0.854848
0, 25, 18 : 0.854848, 0.853938
0, 25, 19 : 0.853938, 0.849757
0, 25, 20 : 0.849757, 0.847815
0, 25, 21 : 0.847815, 0.845167
0, 25, 22 : 0.845167, 0.840305
0, 25, 23 : 0.840305, 0.840281
0, 25, 24 : 0.840281, 0.835055
0, 25, 25 : 0.835055, 0.832386
0, 25, 26 : 0.832386, 0.829514
0, 25, 27 : 0.829514, 0.823902
0, 25, 28 : 0.823902, 0.823522
0, 25, 29 : 0.823522, 0.817291
0, 25, 30 : 0.817291, 0.815044
0, 25, 31 : 0.815044, 0.810618
0, 25, 32 : 0.810618, 0.805502
0, 25, 33 : 0.805502, 0.803655
0, 25, 34 : 0.803655, 0.795567
0, 26, 0 : 0.892531, 0.891125
0, 26, 1 : 0.891125, 0.889732
0, 27, 0 : 0.900087, 0.898977
0, 27, 1 : 0.898977, 0.898406
0, 27, 2 : 0.898406, 0.897433
0, 27, 3 : 0.897433, 0.896625
0, 27, 4 : 0.896625, 0.895614
0, 27, 5 : 0.895614, 0.894688
0, 27, 6 : 0.894688, 0.893588
0, 27, 7 : 0.893588, 0.892531
0, 28, 0 : 0.900087, 0.901168
0, 28, 1 : 0.901168, 0.901697
0, 28, 2 : 0.901697, 0.902587
0, 28, 3 : 0.902587, 0.90329
0, 28, 4 : 0.90329, 0.904149
0, 28, 5 : 0.904149, 0.904895
0, 28, 6 : 0.904895, 0.905755
0, 28, 7 : 0.905755, 0.90653
0, 29, 0 : 0.90653, 0.907881
0, 29, 1 : 0.907881, 0.909061
0, 29, 2 : 0.909061, 0.910428
0, 29, 3 : 0.910428, 0.910911
0, 29, 4 : 0.910911, 0.911585
0, 29, 5 : 0.911585, 0.912211
0, 29, 6 : 0.912211, 0.912764
0, 29, 7 : 0.912764, 0.913331
0, 29, 8 : 0.913331, 0.9138
0, 29, 9 : 0.9138, 0.914259
0, 29, 10 : 0.914259, 0.914357
0, 29, 11 : 0.914357, 0.914373
0, 30, 0 : 0.914373, 0.914734
0, 30, 1 : 0.914734, 0.915181
0, 30, 2 : 0.915181, 0.916419
0, 31, 0 : 0.925616, 0.924704
0, 31, 1 : 0.924704, 0.922353
0, 31, 2 : 0.922353, 0.919675
0, 31, 3 : 0.919675, 0.916419
0, 32, 0 : 0.97472, 0.973999
0, 32, 1 : 0.973999, 0.972759
0, 32, 2 : 0.972759, 0.971817
0, 32, 3 : 0.971817, 0.968165
0, 32, 4 : 0.968165, 0.967786
0, 32, 5 : 0.967786, 0.963095
0, 32, 6 : 0.963095, 0.961503
0, 32, 7 : 0.961503, 0.959972
0, 32, 8 : 0.959972, 0.956497
0, 32, 9 : 0.956497, 0.954838
0, 32, 10 : 0.954838, 0.952595
0, 32, 11 : 0.952595, 0.948684
0, 32, 12 : 0.948684, 0.948352
0, 32, 13 : 0.948352, 0.943571
0, 32, 14 : 0.943571, 0.942995
0, 32, 15 : 0.942995, 0.938404
0, 32, 16 : 0.938404, 0.938201
0, 32, 17 : 0.938201, 0.933885
0, 32, 18 : 0.933885, 0.932467
0, 32, 19 : 0.932467, 0.930379
0, 32, 20 : 0.930379, 0.927215
0, 32, 21 : 0.927215, 0.925616
0, 33, 0 : 0.965511, 0.967057
0, 33, 1 : 0.967057, 0.968847
0, 33, 2 : 0.968847, 0.970417
0, 33, 3 : 0.970417, 0.971727
0, 33, 4 : 0.971727, 0.972343
0, 33, 5 : 0.972343, 0.97281
0, 33, 6 : 0.97281, 0.974236
0, 33, 7 : 0.974236, 0.97472
0, 34, 0 : 0.943721, 0.947496
0, 34, 1 : 0.947496, 0.947579
0, 34, 2 : 0.947579, 0.951069
0, 34, 3 : 0.951069, 0.954334
0, 34, 4 : 0.954334, 0.957084
0, 34, 5 : 0.957084, 0.9574
0, 34, 6 : 0.9574, 0.960162
0, 34, 7 : 0.960162, 0.962721
0, 34, 8 : 0.962721, 0.964995
0, 34, 9 : 0.964995, 0.965511
0, 35, 0 : 0.821517, 0.826923
0, 35, 1 : 0.826923, 0.829662
0, 35, 2 : 0.829662, 0.834238
0, 35, 3 : 0.834238, 0.837935
0, 35, 4 : 0.837935, 0.847216
0, 35, 5 : 0.847216, 0.854714
0, 35, 6 : 0.854714, 0.85561
0, 35, 7 : 0.85561, 0.863676
0, 35, 8 : 0.863676, 0.87148
0, 35, 9 : 0.87148, 0.880194
0, 35, 10 : 0.880194, 0.880482
0, 35, 11 : 0.880482, 0.88792
0, 35, 12 : 0.88792, 0.896228
0, 35, 13 : 0.896228, 0.898319
0, 35, 14 : 0.898319, 0.903686
0, 35, 15 : 0.903686, 0.911484
0, 35, 16 : 0.911484, 0.913403
0, 35, 17 : 0.913403, 0.918463
0, 35, 18 : 0.918463, 0.925567
0, 35, 19 : 0.925567, 0.926381
0, 35, 20 : 0.926381, 0.931908
0, 35, 21 : 0.931908, 0.937752
0, 35, 22 : 0.937752, 0.938189
0, 35, 23 : 0.938189, 0.943721
0, 36, 0 : 0.821517, 0.814946
0, 36, 1 : 0.814946, 0.811732
0, 36, 2 : 0.811732, 0.806406
0, 36, 3 : 0.806406, 0.802269
0, 36, 4 : 0.802269, 0.79735
0, 36, 5 : 0.79735, 0.793202
0, 36, 6 : 0.793202, 0.791829
0, 36, 7 : 0.791829, 0.788584
0, 36, 8 : 0.788584, 0.78456
0, 36, 9 : 0.78456, 0.780243
0, 36, 10 : 0.780243, 0.776441
0, 36, 11 : 0.776441, 0.774738
0, 36, 12 : 0.774738, 0.772423
0, 36, 13 : 0.772423, 0.768847
0, 36, 14 : 0.768847, 0.765152
0, 36, 15 : 0.765152, 0.76398
0, 36, 16 : 0.76398, 0.76187
0, 36, 17 : 0.76187, 0.758521
0, 36, 18 : 0.758521, 0.756054
0, 36, 19 : 0.756054, 0.755566
0, 37, 0 : 0.755566, 0.750183
0, 37, 1 : 0.750183, 0.749235
0, 37, 2 : 0.749235, 0.74534
0, 37, 3 : 0.74534, 0.742677
0, 37, 4 : 0.742677, 0.741056
0, 37, 5 : 0.741056, 0.737188
0, 37, 6 : 0.737188, 0.736441
0, 37, 7 : 0.736441, 0.733873
0, 37, 8 : 0.733873, 0.730908
0, 37, 9 : 0.730908, 0.730706
0, 37, 10 : 0.730706, 0.728451
0, 37, 11 : 0.728451, 0.72628
0, 37, 12 : 0.72628, 0.725762
0, 38, 0 : 0.725762, 0.724568
0, 38, 1 : 0.724568, 0.723093
0, 38, 2 : 0.723093, 0.722003
0, 38, 3 : 0.722003, 0.721588
0, 38, 4 : 0.721588, 0.721115
0, 38, 5 : 0.721115, 0.720528
0, 38, 6 : 0.720528, 0.720106
0, 38, 7 : 0.720106, 0.719898
0, 38, 8 : 0.719898, 0.719824
0, 39, 0 : 0.719824, 0.719873
0, 39, 1 : 0.719873, 0.72004
0, 39, 2 : 0.72004, 0.720132
0, 39, 3 : 0.720132, 0.720257
0, 39, 4 : 0.720257, 0.720338
0, 39, 5 : 0.720338, 0.720501
0, 40, 0 : 0.720921, 0.720847
0, 40, 1 : 0.720847, 0.720734
0, 40, 2 : 0.720734, 0.72066
0, 40, 3 : 0.72066, 0.720501
0, 41, 0 : 0.721064, 0.72103
0, 41, 1 : 0.72103, 0.720921
0, 42, 0 : 0.71816, 0.718463
0, 42, 1 : 0.718463, 0.718867
0, 42, 2 : 0.718867, 0.719525
0, 42, 3 : 0.719525, 0.719938
0, 42, 4 : 0.719938, 0.720102
0, 42, 5 : 0.720102, 0.720511
0, 42, 6 : 0.720511, 0.720826
0, 42, 7 : 0.720826, 0.721
0, 42, 8 : 0.721, 0.721064
0, 43, 0 : 0.672545, 0.676246
0, 43, 1 : 0.676246, 0.679695
0, 43, 2 : 0.679695, 0.683192
0, 43, 3 : 0.683192, 0.686401
0, 43, 4 : 0.686401, 0.689676
0, 43, 5 : 0.689676, 0.692638
0, 43, 6 : 0.692638, 0.692792
0, 43, 7 : 0.692792, 0.695601
0, 43, 8 : 0.695601, 0.698227
0, 43, 9 : 0.698227, 0.700951
0, 43, 10 : 0.700951, 0.702206
0, 43, 11 : 0.702206, 0.703341
0, 43, 12 : 0.703341, 0.705837
0, 43, 13 : 0.705837, 0.707297
0, 43, 14 : 0.707297, 0.708065
0, 43, 15 : 0.708065, 0.709237
0, 43, 16 : 0.709237, 0.710355
0, 43, 17 : 0.710355, 0.710478
0, 43, 18 : 0.710478, 0.711529
0, 43, 19 : 0.711529, 0.711692
0, 43, 20 : 0.711692, 0.712703
0, 43, 21 : 0.712703, 0.712733
0, 43, 22 : 0.712733, 0.713644
0, 43, 23 : 0.713644, 0.713951
0, 43, 24 : 0.713951, 0.71447
0, 43, 25 : 0.71447, 0.715199
0, 43, 26 : 0.715199, 0.715232
0, 43, 27 : 0.715232, 0.715878
0, 43, 28 : 0.715878, 0.716484
0, 43, 29 : 0.716484, 0.716648
0, 43, 30 : 0.716648, 0.717054
0, 43, 31 : 0.717054, 0.717558
0, 43, 32 : 0.717558, 0.71804
0, 43, 33 : 0.71804, 0.71816
0, 44, 0 : 0.656729, 0.659198
0, 44, 1 : 0.659198, 0.663738
0, 44, 2 : 0.663738, 0.665098
0, 44, 3 : 0.665098, 0.668281
0, 44, 4 : 0.668281, 0.672545
0, 45, 0 : 0.634894, 0.644839
0, 45, 1 : 0.644839, 0.65445
0, 45, 2 : 0.65445, 0.656729
0, 46, 0 : 0.62072, 0.621497
0, 46, 1 : 0.621497, 0.627769
0, 46, 2 : 0.627769, 0.634894
0, 47, 0 : 0.525439, 0.536947
0, 47, 1 : 0.536947, 0.548331
0, 47, 2 : 0.548331, 0.555515
0, 47, 3 : 0.555515, 0.560284
0, 47, 4 : 0.560284, 0.571902
0, 47, 5 : 0.571902, 0.584159
0, 47, 6 : 0.584159, 0.588327
0, 47, 7 : 0.588327, 0.59607
0, 47, 8 : 0.59607, 0.608566
0, 47, 9 : 0.608566, 0.62072
0, 48, 0 : 0.50211, 0.513801
0, 48, 1 : 0.513801, 0.523654
0, 48, 2 : 0.523654, 0.525439
0, 49, 0 : 0.480778, 0.487474
0, 49, 1 : 0.487474, 0.49106
0, 49, 2 : 0.49106, 0.491856
0, 49, 3 : 0.491856, 0.497078
0, 49, 4 : 0.497078, 0.50211
0, 50, 0 : 0.480778, 0.476022
0, 50, 1 : 0.476022, 0.473803
0, 50, 2 : 0.473803, 0.471347
0, 50, 3 : 0.471347, 0.470147
0, 50, 4 : 0.470147, 0.467417
0, 50, 5 : 0.467417, 0.464213
0, 50, 6 : 0.464213, 0.461688
0, 50, 7 : 0.461688, 0.458944
0, 50, 8 : 0.458944, 0.457205
0, 50, 9 : 0.457205, 0.456779
0, 50, 10 : 0.456779, 0.454456
0, 50, 11 : 0.454456, 0.452705
0, 50, 12 : 0.452705, 0.452011
0, 50, 13 : 0.452011, 0.450831
0, 50, 14 : 0.450831, 0.449415
0, 50, 15 : 0.449415, 0.44896
0, 50, 16 : 0.44896, 0.447997
0, 50, 17 : 0.447997, 0.447156
0, 50, 18 : 0.447156, 0.447112
0, 50, 19 : 0.447112, 0.446054
0, 50, 20 : 0.446054, 0.44591
0, 51, 0 : 0.44591, 0.445715
0, 51, 1 : 0.445715, 0.445477
0, 52, 0 : 0.445477, 0.445144
0, 52, 1 : 0.445144, 0.444945
0, 52, 2 : 0.444945, 0.444868
0, 52, 3 : 0.444868, 0.444728
0, 52, 4 : 0.444728, 0.444537
0, 52, 5 : 0.444537, 0.44443
0, 52, 6 : 0.44443, 0.444242
0, 52, 7 : 0.444242, 0.444203
0, 52, 8 : 0.444203, 0.444169
0, 53, 0 : 0.444169, 0.444125
0, 53, 1 : 0.444125, 0.44412
0, 53, 2 : 0.44412, 0.444101
0, 53, 3 : 0.444101, 0.444037
0, 53, 4 : 0.444037, 0.444018
0, 53, 5 : 0.444018, 0.444004
0, 54, 0 : 0.444004, 0.443986
0, 54, 1 : 0.443986, 0.443959
0, 54, 2 : 0.443959, 0.443943
0, 55, 0 : 0.443943, 0.443923
0, 55, 1 : 0.443923, 0.443911
0, 55, 2 : 0.443911, 0.443889
0, 56, 0 : 0.443889, 0.443847
0, 56, 1 : 0.443847, 0.443843
0, 57, 0 : 0.443843, 0.443836
0, 58, 0 : 0.443836, 0.443815
0, 59, 0 : 0.443815, 0.443814
0, 60, 0 : 0.443814, 0.443805
0, 61, 0 : 0.443805, 0.4438
0, 62, 0 : 0.4438, 0.44378
0, 63, 0 : 0.44378, 0.443777
0, 63, 1 : 0.443777, 0.443771
0, 64, 0 : 0.443771, 0.443774
0, 64, 1 : 0.443774, 0.443788
0, 64, 2 : 0.443788, 0.443801
0, 64, 3 : 0.443801, 0.443843
0, 65, 0 : 0.443956, 0.443945
0, 65, 1 : 0.443945, 0.443914
0, 65, 2 : 0.443914, 0.443889
0, 65, 3 : 0.443889, 0.443843
0, 66, 0 : 0.443864, 0.443935
0, 66, 1 : 0.443935, 0.443956
0, 67, 0 : 0.412653, 0.415697
0, 67, 1 : 0.415697, 0.418302
0, 67, 2 : 0.418302, 0.419743
0, 67, 3 : 0.419743, 0.420357
0, 67, 4 : 0.420357, 0.421062
0, 67, 5 : 0.421062, 0.422407
0, 67, 6 : 0.422407, 0.423697
0, 67, 7 : 0.423697, 0.42483
0, 67, 8 : 0.42483, 0.425044
0, 67, 9 : 0.425044, 0.426317
0, 67, 10 : 0.426317, 0.427628
0, 67, 11 : 0.427628, 0.428225
0, 67, 12 : 0.428225, 0.428895
0, 67, 13 : 0.428895, 0.430965
0, 67, 14 : 0.430965, 0.431392
0, 67, 15 : 0.431392, 0.43217
0, 67, 16 : 0.43217, 0.433284
0, 67, 17 : 0.433284, 0.433745
0, 67, 18 : 0.433745, 0.434307
0, 67, 19 : 0.434307, 0.435267
0, 67, 20 : 0.435267, 0.435924
0, 67, 21 : 0.435924, 0.436141
0, 67, 22 : 0.436141, 0.437003
0, 67, 23 : 0.437003, 0.437762
0, 67, 24 : 0.437762, 0.437953
0, 67, 25 : 0.437953, 0.438488
0, 67, 26 : 0.438488, 0.438855
0, 67, 27 : 0.438855, 0.439146
0, 67, 28 : 0.439146, 0.439702
0, 67, 29 : 0.439702, 0.439776
0, 67, 30 : 0.439776, 0.440336
0, 67, 31 : 0.440336, 0.440451
0, 67, 32 : 0.440451, 0.440877
0, 67, 33 : 0.440877, 0.441158
0, 67, 34 : 0.441158, 0.441776
0, 67, 35 : 0.441776, 0.442252
0, 67, 36 : 0.442252, 0.442555
0, 67, 37 : 0.442555, 0.443076
0, 67, 38 : 0.443076, 0.443138
0, 67, 39 : 0.443138, 0.443576
0, 67, 40 : 0.443576, 0.443582
0, 67, 41 : 0.443582, 0.443853
0, 67, 42 : 0.443853, 0.443864
0, 68, 0 : 0.402601, 0.405231
0, 68, 1 : 0.405231, 0.407597
0, 68, 2 : 0.407597, 0.409182
0, 68, 3 : 0.409182, 0.410371
0, 68, 4 : 0.410371, 0.412653
0, 69, 0 : 0.402117, 0.402601
0, 70, 0 : 0.382897, 0.389922
0, 70, 1 : 0.389922, 0.39313
0, 70, 2 : 0.39313, 0.398415
0, 70, 3 : 0.398415, 0.402117
0, 71, 0 : 0.382897, 0.371716
0, 71, 1 : 0.371716, 0.365604
0, 71, 2 : 0.365604, 0.355223
0, 71, 3 : 0.355223, 0.35033
0, 72, 0 : 0.35033, 0.348364
0, 73, 0 : 0.322557, 0.325602
0, 73, 1 : 0.325602, 0.326241
0, 73, 2 : 0.326241, 0.32968
0, 73, 3 : 0.32968, 0.330913
0, 73, 4 : 0.330913, 0.332872
0, 73, 5 : 0.332872, 0.335859
0, 73, 6 : 0.335859, 0.336212
0, 73, 7 : 0.336212, 0.341144
0, 73, 8 : 0.341144, 0.341561
0, 73, 9 : 0.341561, 0.345797
0, 73, 10 : 0.345797, 0.34682
0, 73, 11 : 0.34682, 0.34781
0, 73, 12 : 0.34781, 0.348364
0, 74, 0 : 0.192601, 0.201246
0, 74, 1 : 0.201246, 0.204695
0, 74, 2 : 0.204695, 0.209923
0, 74, 3 : 0.209923, 0.215998
0, 74, 4 : 0.215998, 0.219042
0, 74, 5 : 0.219042, 0.226677
0, 74, 6 : 0.226677, 0.2283
0, 74, 7 : 0.2283, 0.236716
0, 74, 8 : 0.236716, 0.238042
0, 74, 9 : 0.238042, 0.246201
0, 74, 10 : 0.246201, 0.247999
0, 74, 11 : 0.247999, 0.255121
0, 74, 12 : 0.255121, 0.258533
0, 74, 13 : 0.258533, 0.263707
0, 74, 14 : 0.263707, 0.26925
0, 74, 15 : 0.26925, 0.271685
0, 74, 16 : 0.271685, 0.279561
0, 74, 17 : 0.279561, 0.280689
0, 74, 18 : 0.280689, 0.286656
0, 74, 19 : 0.286656, 0.292011
0, 74, 20 : 0.292011, 0.293688
0, 74, 21 : 0.293688, 0.300133
0, 74, 22 : 0.300133, 0.30368
0, 74, 23 : 0.30368, 0.306445
0, 74, 24 : 0.306445, 0.312072
0, 74, 25 : 0.312072, 0.314853
0, 74, 26 : 0.314853, 0.317629
0, 74, 27 : 0.317629, 0.320333
0, 74, 28 : 0.320333, 0.322557
0, 75, 0 : 0.156929, 0.164132
0, 75, 1 : 0.164132, 0.173458
0, 75, 2 : 0.173458, 0.175447
0, 75, 3 : 0.175447, 0.182995
0, 75, 4 : 0.182995, 0.192601
0, 76, 0 : 0.118287, 0.121525
0, 76, 1 : 0.121525, 0.136515
0, 76, 2 : 0.136515, 0.154835
0, 76, 3 : 0.154835, 0.156929
0, 77, 0 : 0.0926, 0.105421
0, 77, 1 : 0.105421, 0.118287
0, 78, 0 : 0.0441761, 0.0477276
0, 78, 1 : 0.0477276, 0.0500582
0, 78, 2 : 0.0500582, 0.0669215
0, 78, 3 : 0.0669215, 0.071059
0, 78, 4 : 0.071059, 0.085507
0, 78, 5 : 0.085507, 0.0926
0, 79, 0 : 0.0430804, 0.0441761
0, 80, 0 : -0.0672913, -0.0583002
0, 80, 1 : -0.0583002, -0.0534039
0, 80, 2 : -0.0534039, -0.0497344
0, 80, 3 : -0.0497344, -0.0415304
0, 80, 4 : -0.0415304, -0.0374932
0, 80, 5 : -0.0374932, -0.033607
0, 80, 6 : -0.033607, -0.0282551
0, 80, 7 : -0.0282551, -0.0257981
0, 80, 8 : -0.0257981, -0.0187343
0, 80, 9 : -0.0187343, -0.0183954
0, 80, 10 : -0.0183954, -0.0110325
0, 80, 11 : -0.0110325, -0.0087534
0, 80, 12 : -0.0087534, -0.00409779
0, 80, 13 : -0.00409779, 0.00113634
0, 80, 14 : 0.00113634, 0.00281422
0, 80, 15 : 0.00281422, 0.00928695
0, 80, 16 : 0.00928695, 0.0108375
0, 80, 17 : 0.0108375, 0.0157123
0, 80, 18 : 0.0157123, 0.0199776
0, 80, 19 : 0.0199776, 0.0216566
0, 80, 20 : 0.0216566, 0.0275796
0, 80, 21 : 0.0275796, 0.0285442
0, 80, 22 : 0.0285442, 0.0329617
0, 80, 23 : 0.0329617, 0.0360468
0, 80, 24 : 0.0360468, 0.0382878
0, 80, 25 : 0.0382878, 0.0430804
0, 81, 0 : -0.0957178, -0.0900369
0, 81, 1 : -0.0900369, -0.0841561
0, 81, 2 : -0.0841561, -0.0802975
0, 81, 3 : -0.0802975, -0.0761906
0, 81, 4 : -0.0761906, -0.0672913
0, 82, 0 : -0.0977712, -0.0957178
0, 83, 0 : -0.119565, -0.112236
0, 83, 1 : -0.112236, -0.108358
0, 83, 2 : -0.108358, -0.101584
0, 83, 3 : -0.101584, -0.0977712
0, 84, 0 : -0.119565, -0.130156
0, 84, 1 : -0.130156, -0.135194
0, 84, 2 : -0.135194, -0.143539
0, 84, 3 : -0.143539, -0.143998
0, 85, 0 : -0.143998, -0.149963
0, 85, 1 : -0.149963, -0.157479
0, 85, 2 : -0.157479, -0.16351
0, 85, 3 : -0.16351, -0.163805
0, 85, 4 : -0.163805, -0.170092
0, 85, 5 : -0.170092, -0.175148
0, 86, 0 : -0.175148, -0.178017
0, 86, 1 : -0.178017, -0.182831
0, 86, 2 : -0.182831, -0.185915
0, 86, 3 : -0.185915, -0.19357
0, 87, 0 : -0.221734, -0.214353
0, 87, 1 : -0.214353, -0.206202
0, 87, 2 : -0.206202, -0.201557
0, 87, 3 : -0.201557, -0.19357
0, 88, 0 : -0.256578, -0.251801
0, 88, 1 : -0.251801, -0.243404
0, 88, 2 : -0.243404, -0.241118
0, 88, 3 : -0.241118, -0.235341
0, 88, 4 : -0.235341, -0.22856
0, 88, 5 : -0.22856, -0.221734
0, 89, 0 : -0.403662, -0.397097
0, 89, 1 : -0.397097, -0.397007
0, 89, 2 : -0.397007, -0.389845
0, 89, 3 : -0.389845, -0.387793
0, 89, 4 : -0.387793, -0.382532
0, 89, 5 : -0.382532, -0.378466
0, 89, 6 : -0.378466, -0.374595
0, 89, 7 : -0.374595, -0.368858
0, 89, 8 : -0.368858, -0.366602
0, 89, 9 : -0.366602, -0.358047
0, 89, 10 : -0.358047, -0.349963
0, 89, 11 : -0.349963, -0.349559
0, 89, 12 : -0.349559, -0.340319
0, 89, 13 : -0.340319, -0.331193
0, 89, 14 : -0.331193, -0.331185
0, 89, 15 : -0.331185, -0.321525
0, 89, 16 : -0.321525, -0.314224
0, 89, 17 : -0.314224, -0.311853
0, 89, 18 : -0.311853, -0.301557
0, 89, 19 : -0.301557, -0.298372
0, 89, 20 : -0.298372, -0.284847
0, 89, 21 : -0.284847, -0.280423
0, 89, 22 : -0.280423, -0.272345
0, 89, 23 : -0.272345, -0.261736
0, 89, 24 : -0.261736, -0.256578
0, 90, 0 : -0.439521, -0.434488
0, 90, 1 : -0.434488, -0.431212
0, 90, 2 : -0.431212, -0.427841
0, 90, 3 : -0.427841, -0.422591
0, 90, 4 : -0.422591, -0.420661
0, 90, 5 : -0.420661, -0.414019
0, 90, 6 : -0.414019, -0.412503
0, 90, 7 : -0.412503, -0.40545
0, 90, 8 : -0.40545, -0.403662
0, 91, 0 : -0.467412, -0.467227
0, 91, 1 : -0.467227, -0.466679
0, 91, 2 : -0.466679, -0.465697
0, 91, 3 : -0.465697, -0.465468
0, 91, 4 : -0.465468, -0.46434
0, 91, 5 : -0.46434, -0.462457
0, 91, 6 : -0.462457, -0.46018
0, 91, 7 : -0.46018, -0.459809
0, 91, 8 : -0.459809, -0.457279
0, 91, 9 : -0.457279, -0.453974
0, 91, 10 : -0.453974, -0.45082
0, 91, 11 : -0.45082, -0.449939
0, 91, 12 : -0.449939, -0.445491
0, 91, 13 : -0.445491, -0.440217
0, 91, 14 : -0.440217, -0.439521
0, 92, 0 : -0.461427, -0.462734
0, 92, 1 : -0.462734, -0.46278
0, 92, 2 : -0.46278, -0.4639
0, 92, 3 : -0.4639, -0.464927
0, 92, 4 : -0.464927, -0.465787
0, 92, 5 : -0.465787, -0.466091
0, 92, 6 : -0.466091, -0.467007
0, 92, 7 : -0.467007, -0.467412
0, 93, 0 : -0.460285, -0.461427
0, 94, 0 : -0.466052, -0.465567
0, 94, 1 : -0.465567, -0.460285
0, 95, 0 : -0.594799, -0.591167
0, 95, 1 : -0.591167, -0.582945
0, 95, 2 : -0.582945, -0.574818
0, 95, 3 : -0.574818, -0.570164
0, 95, 4 : -0.570164, -0.563219
0, 95, 5 : -0.563219, -0.556028
0, 95, 6 : -0.556028, -0.555721
0, 95, 7 : -0.555721, -0.548523
0, 95, 8 : -0.548523, -0.540793
0, 95, 9 : -0.540793, -0.535279
0, 95, 10 : -0.535279, -0.532604
0, 95, 11 : -0.532604, -0.524234
0, 95, 12 : -0.524234, -0.515343
0, 95, 13 : -0.515343, -0.512829
0, 95, 14 : -0.512829, -0.50631
0, 95, 15 : -0.50631, -0.496749
0, 95, 16 : -0.496749, -0.489853
0, 95, 17 : -0.489853, -0.486977
0, 95, 18 : -0.486977, -0.476628
0, 95, 19 : -0.476628, -0.466052
0, 96, 0 : -0.611792, -0.611357
0, 96, 1 : -0.611357, -0.60514
0, 96, 2 : -0.60514, -0.603542
0, 96, 3 : -0.603542, -0.594799
0, 97, 0 : -0.662077, -0.654542
0, 97, 1 : -0.654542, -0.647154
0, 97, 2 : -0.647154, -0.639768
0, 97, 3 : -0.639768, -0.635711
0, 97, 4 : -0.635711, -0.632559
0, 97, 5 : -0.632559, -0.625282
0, 97, 6 : -0.625282, -0.61829
0, 97, 7 : -0.61829, -0.617341
0, 97, 8 : -0.617341, -0.611792
0, 98, 0 : -0.682034, -0.672003
0, 98, 1 : -0.672003, -0.662077
0, 99, 0 : -0.749062, -0.742968
0, 99, 1 : -0.742968, -0.73441
0, 99, 2 : -0.73441, -0.725929
0, 99, 3 : -0.725929, -0.717191
0, 99, 4 : -0.717191, -0.702204
0, 99, 5 : -0.702204, -0.699858
0, 99, 6 : -0.699858, -0.682034
0, 100, 0 : -0.809553, -0.806227
0, 100, 1 : -0.806227, -0.803396
0, 100, 2 : -0.803396, -0.796641
0, 100, 3 : -0.796641, -0.789842
0, 100, 4 : -0.789842, -0.782485
0, 100, 5 : -0.782485, -0.78116
0, 100, 6 : -0.78116, -0.775122
0, 100, 7 : -0.775122, -0.767252
0, 100, 8 : -0.767252, -0.759429
0, 100, 9 : -0.759429, -0.75117
0, 100, 10 : -0.75117, -0.749062
0, 101, 0 : -0.870847, -0.870666
0, 101, 1 : -0.870666, -0.87013
0, 101, 2 : -0.87013, -0.869251
0, 101, 3 : -0.869251, -0.86917
0, 101, 4 : -0.86917, -0.867842
0, 101, 5 : -0.867842, -0.866001
0, 101, 6 : -0.866001, -0.86403
0, 101, 7 : -0.86403, -0.863779
0, 101, 8 : -0.863779, -0.86095
0, 101, 9 : -0.86095, -0.857733
0, 101, 10 : -0.857733, -0.854783
0, 101, 11 : -0.854783, -0.85381
0, 101, 12 : -0.85381, -0.849497
0, 101, 13 : -0.849497, -0.84439
0, 101, 14 : -0.84439, -0.841826
0, 101, 15 : -0.841826, -0.838863
0, 101, 16 : -0.838863, -0.832478
0, 101, 17 : -0.832478, -0.825619
0, 101, 18 : -0.825619, -0.825431
0, 101, 19 : -0.825431, -0.817868
0, 101, 20 : -0.817868, -0.809553
0, 102, 0 : -0.864997, -0.86596
0, 102, 1 : -0.86596, -0.866271
0, 102, 2 : -0.866271, -0.867411
0, 102, 3 : -0.867411, -0.868416
0, 102, 4 : -0.868416, -0.869258
0, 102, 5 : -0.869258, -0.869301
0, 102, 6 : -0.869301, -0.870451
0, 102, 7 : -0.870451, -0.870847
0, 103, 0 : -0.758231, -0.768305
0, 103, 1 : -0.768305, -0.773283
0, 103, 2 : -0.773283, -0.781579
0, 103, 3 : -0.781579, -0.787961
0, 103, 4 : -0.787961, -0.789316
0, 103, 5 : -0.789316, -0.795629
0, 103, 6 : -0.795629, -0.801917
0, 103, 7 : -0.801917, -0.808996
0, 103, 8 : -0.808996, -0.814875
0, 103, 9 : -0.814875, -0.82134
0, 103, 10 : -0.82134, -0.826719
0, 103, 11 : -0.826719, -0.829618
0, 103, 12 : -0.829618, -0.829859
0, 103, 13 : -0.829859, -0.832316
0, 103, 14 : -0.832316, -0.835182
0, 103, 15 : -0.835182, -0.837861
0, 103, 16 : -0.837861, -0.84075
0, 103, 17 : -0.84075, -0.840889
0, 103, 18 : -0.840889, -0.843586
0, 103, 19 : -0.843586, -0.844367
0, 103, 20 : -0.844367, -0.846813
0, 103, 21 : -0.846813, -0.847357
0, 103, 22 : -0.847357, -0.849865
0, 103, 23 : -0.849865, -0.850213
0, 103, 24 : -0.850213, -0.852164
0, 103, 25 : -0.852164, -0.852192
0, 103, 26 : -0.852192, -0.854206
0, 103, 27 : -0.854206, -0.854297
0, 103, 28 : -0.854297, -0.856118
0, 103, 29 : -0.856118, -0.856719
0, 103, 30 : -0.856719, -0.857862
0, 103, 31 : -0.857862, -0.859391
0, 103, 32 : -0.859391, -0.859511
0, 103, 33 : -0.859511, -0.861022
0, 103, 34 : -0.861022, -0.862464
0, 103, 35 : -0.862464, -0.862482
0, 103, 36 : -0.862482, -0.863764
0, 103, 37 : -0.863764, -0.864997
0, 104, 0 : -0.758231, -0.750684
0, 104, 1 : -0.750684, -0.746939
0, 104, 2 : -0.746939, -0.740712
0, 104, 3 : -0.740712, -0.735835
0, 105, 0 : -0.735835, -0.726143
0, 105, 1 : -0.726143, -0.724534
0, 105, 2 : -0.724534, -0.717328
0, 105, 3 : -0.717328, -0.70812
0, 105, 4 : -0.70812, -0.69973
0, 105, 5 : -0.69973, -0.691046
0, 105, 6 : -0.691046, -0.683259
0, 106, 0 : -0.683259, -0.683666
0, 107, 0 : -0.683666, -0.686509
0, 107, 1 : -0.686509, -0.688688
0, 107, 2 : -0.688688, -0.689748
0, 107, 3 : -0.689748, -0.692881
0, 107, 4 : -0.692881, -0.696431
0, 107, 5 : -0.696431, -0.699829
0, 107, 6 : -0.699829, -0.703667
0, 107, 7 : -0.703667, -0.707287
0, 107, 8 : -0.707287, -0.711385
0, 107, 9 : -0.711385, -0.715176
0, 107, 10 : -0.715176, -0.719516
0, 107, 11 : -0.719516, -0.723404
0, 107, 12 : -0.723404, -0.727989
0, 107, 13 : -0.727989, -0.728658
0, 108, 0 : -0.728658, -0.731824
0, 108, 1 : -0.731824, -0.736732
0, 108, 2 : -0.736732, -0.739686
0, 108, 3 : -0.739686, -0.745683
0, 109, 0 : -0.763553, -0.762166
0, 109, 1 : -0.762166, -0.758483
0, 109, 2 : -0.758483, -0.753893
0, 109, 3 : -0.753893, -0.751142
0, 109, 4 : -0.751142, -0.745683
0, 110, 0 : -0.810338, -0.806673
0, 110, 1 : -0.806673, -0.802727
0, 110, 2 : -0.802727, -0.798953
0, 110, 3 : -0.798953, -0.794885
0, 110, 4 : -0.794885, -0.787457
0, 110, 5 : -0.787457, -0.778697
0, 110, 6 : -0.778697, -0.771392
0, 110, 7 : -0.771392, -0.763553
0, 111, 0 : -0.885989, -0.885572
0, 111, 1 : -0.885572, -0.885411
0, 111, 2 : -0.885411, -0.884716
0, 111, 3 : -0.884716, -0.883876
0, 111, 4 : -0.883876, -0.882923
0, 111, 5 : -0.882923, -0.881824
0, 111, 6 : -0.881824, -0.88175
0, 111, 7 : -0.88175, -0.880619
0, 111, 8 : -0.880619, -0.879272
0, 111, 9 : -0.879272, -0.877818
0, 111, 10 : -0.877818, -0.876226
0, 111, 11 : -0.876226, -0.875577
0, 111, 12 : -0.875577, -0.874531
0, 111, 13 : -0.874531, -0.87271
0, 111, 14 : -0.87271, -0.870779
0, 111, 15 : -0.870779, -0.866949
0, 111, 16 : -0.866949, -0.866579
0, 111, 17 : -0.866579, -0.86191
0, 111, 18 : -0.86191, -0.856896
0, 111, 19 : -0.856896, -0.855341
0, 111, 20 : -0.855341, -0.851317
0, 111, 21 : -0.851317, -0.848446
0, 111, 22 : -0.848446, -0.845411
0, 111, 23 : -0.845411, -0.842354
0, 111, 24 : -0.842354, -0.839637
0, 111, 25 : -0.839637, -0.839118
0, 111, 26 : -0.839118, -0.835881
0, 111, 27 : -0.835881, -0.832448
0, 111, 28 : -0.832448, -0.829041
0, 111, 29 : -0.829041, -0.825421
0, 111, 30 : -0.825421, -0.821853
0, 111, 31 : -0.821853, -0.818052
0, 111, 32 : -0.818052, -0.816485
0, 111, 33 : -0.816485, -0.814324
0, 111, 34 : -0.814324, -0.810338
0, 112, 0 : -0.886906, -0.886847
0, 112, 1 : -0.886847, -0.886673
0, 112, 2 : -0.886673, -0.886384
0, 112, 3 : -0.886384, -0.885989
0, 113, 0 : -0.745295, -0.755418
0, 113, 1 : -0.755418, -0.760496
0, 113, 2 : -0.760496, -0.768998
0, 113, 3 : -0.768998, -0.775649
0, 113, 4 : -0.775649, -0.783715
0, 113, 5 : -0.783715, -0.790491
0, 113, 6 : -0.790491, -0.798239
0, 113, 7 : -0.798239, -0.804934
0, 113, 8 : -0.804934, -0.812389
0, 113, 9 : -0.812389, -0.812495
0, 113, 10 : -0.812495, -0.819293
0, 113, 11 : -0.819293, -0.823083
0, 113, 12 : -0.823083, -0.826757
0, 113, 13 : -0.826757, -0.830768
0, 113, 14 : -0.830768, -0.831186
0, 113, 15 : -0.831186, -0.834866
0, 113, 16 : -0.834866, -0.839464
0, 113, 17 : -0.839464, -0.842741
0, 113, 18 : -0.842741, -0.844282
0, 113, 19 : -0.844282, -0.849898
0, 113, 20 : -0.849898, -0.851273
0, 113, 21 : -0.851273, -0.856217
0, 113, 22 : -0.856217, -0.858454
0, 113, 23 : -0.858454, -0.859838
0, 113, 24 : -0.859838, -0.863701
0, 113, 25 : -0.863701, -0.864349
0, 113, 26 : -0.864349, -0.867983
0, 113, 27 : -0.867983, -0.869545
0, 113, 28 : -0.869545, -0.872488
0, 113, 29 : -0.872488, -0.873819
0, 113, 30 : -0.873819, -0.877213
0, 113, 31 : -0.877213, -0.877523
0, 113, 32 : -0.877523, -0.880472
0, 113, 33 : -0.880472, -0.881729
0, 113, 34 : -0.881729, -0.88288
0, 113, 35 : -0.88288, -0.884672
0, 113, 36 : -0.884672, -0.885385
0, 113, 37 : -0.885385, -0.885936
0, 113, 38 : -0.885936, -0.886668
0, 113, 39 : -0.886668, -0.886906
0, 114, 0 : -0.745295, -0.737775
0, 114, 1 : -0.737775, -0.734085
0, 114, 2 : -0.734085, -0.727966
0, 114, 3 : -0.727966, -0.723225
0, 115, 0 : -0.723225, -0.71384
0, 115, 1 : -0.71384, -0.705357
0, 115, 2 : -0.705357, -0.696526
0, 115, 3 : -0.696526, -0.688543
0, 115, 4 : -0.688543, -0.680318
0, 115, 5 : -0.680318, -0.672909
0, 115, 6 : -0.672909, -0.665347
0, 115, 7 : -0.665347, -0.658589
0, 115, 8 : -0.658589, -0.656151
0, 115, 9 : -0.656151, -0.651772
0, 115, 10 : -0.651772, -0.645766
0, 115, 11 : -0.645766, -0.639765
0, 115, 12 : -0.639765, -0.634574
0, 115, 13 : -0.634574, -0.629464
0, 115, 14 : -0.629464, -0.625804
0, 115, 15 : -0.625804, -0.625189
0, 115, 16 : -0.625189, -0.621149
0, 115, 17 : -0.621149, -0.617957
0, 116, 0 : -0.617957, -0.613843
0, 116, 1 : -0.613843, -0.613363
0, 116, 2 : -0.613363, -0.608613
0, 117, 0 : -0.608613, -0.606709
0, 117, 1 : -0.606709, -0.604624
0, 117, 2 : -0.604624, -0.603119
0, 117, 3 : -0.603119, -0.602755
0, 117, 4 : -0.602755, -0.600605
0, 117, 5 : -0.600605, -0.59877
0, 117, 6 : -0.59877, -0.596356
0, 117, 7 : -0.596356, -0.594884
0, 117, 8 : -0.594884, -0.59167
0, 118, 0 : -0.559855, -0.561921
0, 118, 1 : -0.561921, -0.565037
0, 118, 2 : -0.565037, -0.570108
0, 118, 3 : -0.570108, -0.574293
0, 118, 4 : -0.574293, -0.577836
0, 118, 5 : -0.577836, -0.578562
0, 118, 6 : -0.578562, -0.581918
0, 118, 7 : -0.581918, -0.58567
0, 118, 8 : -0.58567, -0.587824
0, 118, 9 : -0.587824, -0.59167
0, 119, 0 : -0.497808, -0.50404
0, 119, 1 : -0.50404, -0.513131
0, 119, 2 : -0.513131, -0.515093
0, 119, 3 : -0.515093, -0.521823
0, 119, 4 : -0.521823, -0.530194
0, 119, 5 : -0.530194, -0.531762
0, 119, 6 : -0.531762, -0.538108
0, 119, 7 : -0.538108, -0.545702
0, 119, 8 : -0.545702, -0.547048
0, 119, 9 : -0.547048, -0.552919
0, 119, 10 : -0.552919, -0.559855
0, 120, 0 : -0.397711, -0.408064
0, 120, 1 : -0.408064, -0.424969
0, 120, 2 : -0.424969, -0.432001
0, 120, 3 : -0.432001, -0.450501
0, 120, 4 : -0.450501, -0.454698
0, 120, 5 : -0.454698, -0.465806
0, 120, 6 : -0.465806, -0.473705
0, 120, 7 : -0.473705, -0.47661
0, 120, 8 : -0.47661, -0.487393
0, 120, 9 : -0.487393, -0.494577
0, 120, 10 : -0.494577, -0.497808
0, 121, 0 : -0.290997, -0.30575
0, 121, 1 : -0.30575, -0.30834
0, 121, 2 : -0.30834, -0.322061
0, 121, 3 : -0.322061, -0.324877
0, 121, 4 : -0.324877, -0.34001
0, 121, 5 : -0.34001, -0.340646
0, 121, 6 : -0.340646, -0.355417
0, 121, 7 : -0.355417, -0.358033
0, 121, 8 : -0.358033, -0.377904
0, 121, 9 : -0.377904, -0.382968
0, 121, 10 : -0.382968, -0.397711
0, 122, 0 : -0.259774, -0.261753
0, 122, 1 : -0.261753, -0.274661
0, 122, 2 : -0.274661, -0.28951
0, 122, 3 : -0.28951, -0.290997
0, 123, 0 : -0.222889, -0.23266
0, 123, 1 : -0.23266, -0.241282
0, 123, 2 : -0.241282, -0.259774
0, 124, 0 : -0.182031, -0.192285
0, 124, 1 : -0.192285, -0.193337
0, 124, 2 : -0.193337, -0.202607
0, 124, 3 : -0.202607, -0.205606
0, 124, 4 : -0.205606, -0.212721
0, 124, 5 : -0.212721, -0.218524
0, 124, 6 : -0.218524, -0.222889
0, 125, 0 : -0.107472, -0.111463
0, 125, 1 : -0.111463, -0.124704
0, 125, 2 : -0.124704, -0.12495
0, 125, 3 : -0.12495, -0.138451
0, 125, 4 : -0.138451, -0.142824
0, 125, 5 : -0.142824, -0.15241
0, 125, 6 : -0.15241, -0.152507
0, 125, 7 : -0.152507, -0.162252
0, 125, 8 : -0.162252, -0.166757
0, 125, 9 : -0.166757, -0.172141
0, 125, 10 : -0.172141, -0.182031
0, 126, 0 : -0.0736103, -0.076535
0, 126, 1 : -0.076535, -0.0827161
0, 126, 2 : -0.0827161, -0.0918885
0, 126, 3 : -0.0918885, -0.0942464
0, 126, 4 : -0.0942464, -0.10119
0, 126, 5 : -0.10119, -0.107472
0, 127, 0 : -0.0249323, -0.0306509
0, 127, 1 : -0.0306509, -0.0376669
0, 127, 2 : -0.0376669, -0.0399725
0, 127, 3 : -0.0399725, -0.0448506
0, 127, 4 : -0.0448506, -0.0536675
0, 127, 5 : -0.0536675, -0.0590021
0, 127, 6 : -0.0590021, -0.0657026
0, 127, 7 : -0.0657026, -0.0736103
0, 128, 0 : -0.0165885, -0.0207968
0, 128, 1 : -0.0207968, -0.02354
0, 128, 2 : -0.02354, -0.0249323
0, 129, 0 : 0.0572551, 0.0499557
0, 129, 1 : 0.0499557, 0.0487431
0, 129, 2 : 0.0487431, 0.039828
0, 129, 3 : 0.039828, 0.0333864
0, 129, 4 : 0.0333864, 0.0309168
0, 129, 5 : 0.0309168, 0.021603
0, 129, 6 : 0.021603, 0.0166058
0, 129, 7 : 0.0166058, 0.0123614
0, 129, 8 : 0.0123614, 0.00275788
0, 129, 9 : 0.00275788, -0.000225656
0, 129, 10 : -0.000225656, -0.00675231
0, 129, 11 : -0.00675231, -0.0165885
0, 130, 0 : 0.175237, 0.1751
0, 130, 1 : 0.1751, 0.174679
0, 130, 2 : 0.174679, 0.173997
0, 130, 3 : 0.173997, 0.173748
0, 130, 4 : 0.173748, 0.173043
0, 130, 5 : 0.173043, 0.171852
0, 130, 6 : 0.171852, 0.170386
0, 130, 7 : 0.170386, 0.16869
0, 130, 8 : 0.16869, 0.166813
0, 130, 9 : 0.166813, 0.16673
0, 130, 10 : 0.16673, 0.162145
0, 130, 11 : 0.162145, 0.156591
0, 130, 12 : 0.156591, 0.150123
0, 130, 13 : 0.150123, 0.148906
0, 130, 14 : 0.148906, 0.142883
0, 130, 15 : 0.142883, 0.134673
0, 130, 16 : 0.134673, 0.125876
0, 130, 17 : 0.125876, 0.121089
0, 130, 18 : 0.121089, 0.118838
0, 130, 19 : 0.118838, 0.116199
0, 130, 20 : 0.116199, 0.111032
0, 130, 21 : 0.111032, 0.105787
0, 130, 22 : 0.105787, 0.100251
0, 130, 23 : 0.100251, 0.094661
0, 130, 24 : 0.094661, 0.0887717
0, 130, 25 : 0.0887717, 0.083041
0, 130, 26 : 0.083041, 0.0828496
0, 130, 27 : 0.0828496, 0.0766162
0, 130, 28 : 0.0766162, 0.0703662
0, 130, 29 : 0.0703662, 0.063814
0, 130, 30 : 0.063814, 0.0572551
1, 0, 0 : 0.0650489, 0.0633557
1, 0, 1 : 0.0633557, 0.0615852
1, 0, 2 : 0.0615852, 0.0602023
1, 0, 3 : 0.0602023, 0.0596619
1, 0, 4 : 0.0596619, 0.0588682
1, 0, 5 : 0.0588682, 0.057881
1, 0, 6 : 0.057881, 0.0571634
1, 0, 7 : 0.0571634, 0.0569728
1, 0, 8 : 0.0569728, 0.0564412
1, 0, 9 : 0.0564412, 0.0563057
1, 0, 10 : 0.0563057, 0.0557901
1, 0, 11 : 0.0557901, 0.0556245
1, 0, 12 : 0.0556245, 0.0552812
1, 0, 13 : 0.0552812, 0.0550848
1, 1, 0 : 0.0702247, 0.069357
1, 1, 1 : 0.069357, 0.0672947
1, 1, 2 : 0.0672947, 0.0651075
1, 1, 3 : 0.0651075, 0.0650489
1, 2, 0 : 0.0702247, 0.0682375
1, 2, 1 : 0.0682375, 0.0648341
1, 3, 0 : 0.0648341, 0.0605166
1, 3, 1 : 0.0605166, 0.0605002
1, 3, 2 : 0.0605002, 0.0561973
1, 4, 0 : 0.0561973, 0.0534338
1, 5, 0 : 0.0550848, 0.0546899
1, 5, 1 : 0.0546899, 0.0539994
1, 5, 2 : 0.0539994, 0.0537405
1, 5, 3 : 0.0537405, 0.0534338
1, 6, 0 : 0.0650489, 0.0633557
1, 6, 1 : 0.0633557, 0.0615852
1, 6, 2 : 0.0615852, 0.0602023
1, 6, 3 : 0.0602023, 0.0596619
1, 6, 4 : 0.0596619, 0.0588682
1, 6, 5 : 0.0588682, 0.057881
1, 6, 6 : 0.057881, 0.0571634
1, 6, 7 : 0.0571634, 0.0569728
1, 6, 8 : 0.0569728, 0.0564412
1, 6, 9 : 0.0564412, 0.0563057
1, 6, 10 : 0.0563057, 0.0557901
1, 6, 11 : 0.0557901, 0.0556245
1, 6, 12 : 0.0556245, 0.0552812
1, 6, 13 : 0.0552812, 0.0550848

~~~~~~~~~~~~~~~~~~~~~~~~~~~~~~~~~
only i,j with x coord of (k=0 first, k=-1 last)

0, 0 : 0.181426, 0.0669007
0, 1 : 0.178981, 0.181426
0, 2 : 0.118354, 0.178981
0, 3 : 0.11653, 0.118354
0, 4 : 0.174504, 0.11653
0, 5 : 0.202698, 0.174504
0, 6 : 0.264404, 0.202698
0, 7 : 0.292769, 0.264404
0, 8 : 0.325554, 0.292769
0, 9 : 0.402429, 0.325554
0, 10 : 0.407401, 0.402429
0, 11 : 0.415513, 0.407401
0, 12 : 0.445437, 0.415513
0, 13 : 0.485001, 0.445437
0, 14 : 0.490996, 0.485001
0, 15 : 0.54718, 0.490996
0, 16 : 0.664726, 0.54718
0, 17 : 0.708194, 0.664726
0, 18 : 0.66376, 0.708194
0, 19 : 0.651765, 0.66376
0, 20 : 0.617939, 0.651765
0, 21 : 0.617939, 0.599388
0, 22 : 0.599388, 0.595742
0, 23 : 0.595742, 0.590713
0, 24 : 0.733101, 0.590713
0, 25 : 0.800956, 0.733101
0, 26 : 0.891077, 0.800956
0, 27 : 0.893876, 0.891077
0, 28 : 0.901433, 0.893876
0, 29 : 0.901433, 0.907875
0, 30 : 0.907875, 0.9158
0, 31 : 0.9158, 0.917995
0, 32 : 0.929961, 0.917995
0, 33 : 0.976072, 0.929961
0, 34 : 0.96675, 0.976072
0, 35 : 0.943184, 0.96675
0, 36 : 0.819313, 0.943184
0, 37 : 0.819313, 0.752807
0, 38 : 0.752807, 0.721694
0, 39 : 0.721694, 0.715526
0, 40 : 0.715526, 0.715865
0, 41 : 0.716117, 0.715865
0, 42 : 0.716151, 0.716117
0, 43 : 0.712968, 0.716151
0, 44 : 0.667225, 0.712968
0, 45 : 0.645967, 0.667225
0, 46 : 0.629628, 0.645967
0, 47 : 0.615468, 0.629628
0, 48 : 0.520462, 0.615468
0, 49 : 0.497215, 0.520462
0, 50 : 0.475973, 0.497215
0, 51 : 0.475973, 0.440733
0, 52 : 0.440733, 0.440157
0, 53 : 0.440157, 0.438865
0, 54 : 0.438865, 0.438914
0, 55 : 0.438914, 0.438923
0, 56 : 0.438935, 0.438923
0, 57 : 0.439044, 0.438935
0, 58 : 0.438941, 0.439044
0, 59 : 0.407333, 0.438941
0, 60 : 0.396826, 0.407333
0, 61 : 0.377629, 0.396826
0, 62 : 0.377629, 0.338648
0, 63 : 0.316301, 0.338648
0, 64 : 0.191263, 0.316301
0, 65 : 0.147445, 0.191263
0, 66 : 0.117148, 0.147445
0, 67 : 0.0913525, 0.117148
0, 68 : 0.041192, 0.0913525
0, 69 : 0.0368399, 0.041192
0, 70 : -0.0686291, 0.0368399
0, 71 : -0.0968387, -0.0686291
0, 72 : -0.120655, -0.0968387
0, 73 : -0.120655, -0.176486
0, 74 : -0.176486, -0.195031
0, 75 : -0.223072, -0.195031
0, 76 : -0.263875, -0.223072
0, 77 : -0.409554, -0.263875
0, 78 : -0.44327, -0.409554
0, 79 : -0.470631, -0.44327
0, 80 : -0.463561, -0.470631
0, 81 : -0.463172, -0.463561
0, 82 : -0.46995, -0.463172
0, 83 : -0.598353, -0.46995
0, 84 : -0.615077, -0.598353
0, 85 : -0.663415, -0.615077
0, 86 : -0.687447, -0.663415
0, 87 : -0.751106, -0.687447
0, 88 : -0.815317, -0.751106
0, 89 : -0.874067, -0.815317
0, 90 : -0.867154, -0.874067
0, 91 : -0.760484, -0.867154
0, 92 : -0.760484, -0.73809
0, 93 : -0.73809, -0.684872
0, 94 : -0.684872, -0.743056
0, 95 : -0.807309, -0.743056
0, 96 : -0.881082, -0.807309
0, 97 : -0.881668, -0.881082
0, 98 : -0.739588, -0.881668
0, 99 : -0.739588, -0.717519
0, 100 : -0.717519, -0.612412
0, 101 : -0.612412, -0.603129
0, 102 : -0.603129, -0.586275
0, 103 : -0.554328, -0.586275
0, 104 : -0.487171, -0.554328
0, 105 : -0.392593, -0.487171
0, 106 : -0.281651, -0.392593
0, 107 : -0.254104, -0.281651
0, 108 : -0.216991, -0.254104
0, 109 : -0.175705, -0.216991
0, 110 : -0.101344, -0.175705
0, 111 : -0.0661563, -0.101344
0, 112 : -0.0187706, -0.0661563
0, 113 : -0.0102623, -0.0187706
0, 114 : 0.0669007, -0.0102623
0, 115 : 0.181426, 0.0669007
1, 0 : 0.0643215, 0.0572619
1, 1 : 0.0675587, 0.0643215
1, 2 : 0.0946672, 0.0675587
1, 3 : 0.0851587, 0.0946672
1, 4 : 0.0851587, 0.0647174
1, 5 : 0.0647174, 0.0572619
1, 6 : 0.0643215, 0.0572619
0, 0 : 0.175237, 0.0572551
0, 1 : 0.173281, 0.175237
0, 2 : 0.127965, 0.173281
0, 3 : 0.170827, 0.127965
0, 4 : 0.194281, 0.170827
0, 5 : 0.261192, 0.194281
0, 6 : 0.28982, 0.261192
0, 7 : 0.323024, 0.28982
0, 8 : 0.40116, 0.323024
0, 9 : 0.403112, 0.40116
0, 10 : 0.412721, 0.403112
0, 11 : 0.439773, 0.412721
0, 12 : 0.482288, 0.439773
0, 13 : 0.488467, 0.482288
0, 14 : 0.543671, 0.488467
0, 15 : 0.661026, 0.543671
0, 16 : 0.706842, 0.661026
0, 17 : 0.665397, 0.706842
0, 18 : 0.650632, 0.665397
0, 19 : 0.616419, 0.650632
0, 20 : 0.616419, 0.598413
0, 21 : 0.598413, 0.591926
0, 22 : 0.591926, 0.588942
0, 23 : 0.731935, 0.588942
0, 24 : 0.795567, 0.731935
0, 25 : 0.889732, 0.795567
0, 26 : 0.892531, 0.889732
0, 27 : 0.900087, 0.892531
0, 28 : 0.900087, 0.90653
0, 29 : 0.90653, 0.914373
0, 30 : 0.914373, 0.916419
0, 31 : 0.925616, 0.916419
0, 32 : 0.97472, 0.925616
0, 33 : 0.965511, 0.97472
0, 34 : 0.943721, 0.965511
0, 35 : 0.821517, 0.943721
0, 36 : 0.821517, 0.755566
0, 37 : 0.755566, 0.725762
0, 38 : 0.725762, 0.719824
0, 39 : 0.719824, 0.720501
0, 40 : 0.720921, 0.720501
0, 41 : 0.721064, 0.720921
0, 42 : 0.71816, 0.721064
0, 43 : 0.672545, 0.71816
0, 44 : 0.656729, 0.672545
0, 45 : 0.634894, 0.656729
0, 46 : 0.62072, 0.634894
0, 47 : 0.525439, 0.62072
0, 48 : 0.50211, 0.525439
0, 49 : 0.480778, 0.50211
0, 50 : 0.480778, 0.44591
0, 51 : 0.44591, 0.445477
0, 52 : 0.445477, 0.444169
0, 53 : 0.444169, 0.444004
0, 54 : 0.444004, 0.443943
0, 55 : 0.443943, 0.443889
0, 56 : 0.443889, 0.443843
0, 57 : 0.443843, 0.443836
0, 58 : 0.443836, 0.443815
0, 59 : 0.443815, 0.443814
0, 60 : 0.443814, 0.443805
0, 61 : 0.443805, 0.4438
0, 62 : 0.4438, 0.44378
0, 63 : 0.44378, 0.443771
0, 64 : 0.443771, 0.443843
0, 65 : 0.443956, 0.443843
0, 66 : 0.443864, 0.443956
0, 67 : 0.412653, 0.443864
0, 68 : 0.402601, 0.412653
0, 69 : 0.402117, 0.402601
0, 70 : 0.382897, 0.402117
0, 71 : 0.382897, 0.35033
0, 72 : 0.35033, 0.348364
0, 73 : 0.322557, 0.348364
0, 74 : 0.192601, 0.322557
0, 75 : 0.156929, 0.192601
0, 76 : 0.118287, 0.156929
0, 77 : 0.0926, 0.118287
0, 78 : 0.0441761, 0.0926
0, 79 : 0.0430804, 0.0441761
0, 80 : -0.0672913, 0.0430804
0, 81 : -0.0957178, -0.0672913
0, 82 : -0.0977712, -0.0957178
0, 83 : -0.119565, -0.0977712
0, 84 : -0.119565, -0.143998
0, 85 : -0.143998, -0.175148
0, 86 : -0.175148, -0.19357
0, 87 : -0.221734, -0.19357
0, 88 : -0.256578, -0.221734
0, 89 : -0.403662, -0.256578
0, 90 : -0.439521, -0.403662
0, 91 : -0.467412, -0.439521
0, 92 : -0.461427, -0.467412
0, 93 : -0.460285, -0.461427
0, 94 : -0.466052, -0.460285
0, 95 : -0.594799, -0.466052
0, 96 : -0.611792, -0.594799
0, 97 : -0.662077, -0.611792
0, 98 : -0.682034, -0.662077
0, 99 : -0.749062, -0.682034
0, 100 : -0.809553, -0.749062
0, 101 : -0.870847, -0.809553
0, 102 : -0.864997, -0.870847
0, 103 : -0.758231, -0.864997
0, 104 : -0.758231, -0.735835
0, 105 : -0.735835, -0.683259
0, 106 : -0.683259, -0.683666
0, 107 : -0.683666, -0.728658
0, 108 : -0.728658, -0.745683
0, 109 : -0.763553, -0.745683
0, 110 : -0.810338, -0.763553
0, 111 : -0.885989, -0.810338
0, 112 : -0.886906, -0.885989
0, 113 : -0.745295, -0.886906
0, 114 : -0.745295, -0.723225
0, 115 : -0.723225, -0.617957
0, 116 : -0.617957, -0.608613
0, 117 : -0.608613, -0.59167
0, 118 : -0.559855, -0.59167
0, 119 : -0.497808, -0.559855
0, 120 : -0.397711, -0.497808
0, 121 : -0.290997, -0.397711
0, 122 : -0.259774, -0.290997
0, 123 : -0.222889, -0.259774
0, 124 : -0.182031, -0.222889
0, 125 : -0.107472, -0.182031
0, 126 : -0.0736103, -0.107472
0, 127 : -0.0249323, -0.0736103
0, 128 : -0.0165885, -0.0249323
0, 129 : 0.0572551, -0.0165885
0, 130 : 0.175237, 0.0572551
1, 0 : 0.0650489, 0.0550848
1, 1 : 0.0702247, 0.0650489
1, 2 : 0.0702247, 0.0648341
1, 3 : 0.0648341, 0.0561973
1, 4 : 0.0561973, 0.0534338
1, 5 : 0.0550848, 0.0534338
1, 6 : 0.0650489, 0.0550848
